       1.0000000      -17.228188      -17.200000       34074.000
       2.0000000      -17.228395      -17.200000       34074.000
       3.0000000      -17.230120      -17.200000       34074.000
       4.0000000      -17.230327      -17.200000       34074.000
       5.0000000      -17.232072      -17.300000       34074.000
       6.0000000      -17.232281      -17.200000       34074.000
       7.0000000      -17.244095      -17.200000       34073.000
       8.0000000      -17.234245      -17.200000       34074.000
       9.0000000      -17.236009      -17.200000       34074.000
       10.000000      -17.236220      -17.200000       34074.000
       11.000000      -17.237993      -17.200000       34074.000
       12.000000      -17.238206      -17.200000       34074.000
       13.000000      -17.239989      -17.200000       34074.000
       14.000000      -17.240202      -17.300000       34074.000
       15.000000      -17.241994      -17.200000       34074.000
       16.000000      -17.242209      -17.300000       34074.000
       17.000000      -17.244010      -17.300000       34074.000
       18.000000      -17.244226      -17.200000       34074.000
       19.000000      -17.246036      -17.300000       34074.000
       20.000000      -17.246253      -17.200000       34074.000
       21.000000      -17.248071      -17.300000       34074.000
       22.000000      -17.248289      -17.200000       34074.000
       23.000000      -17.250116      -17.200000       34074.000
       24.000000      -17.250335      -17.200000       34074.000
       25.000000      -17.252171      -17.200000       34074.000
       26.000000      -17.252391      -17.300000       34074.000
       27.000000      -17.254235      -17.200000       34074.000
       28.000000      -17.264514      -17.300000       34073.000
       29.000000      -17.266370      -17.300000       34073.000
       30.000000      -17.266370      -17.300000       34073.000
       31.000000      -17.268447      -17.300000       34073.000
       32.000000      -17.268670      -17.200000       34073.000
       33.000000      -17.270537      -17.300000       34073.000
       34.000000      -17.270761      -17.200000       34073.000
       35.000000      -17.272636      -17.200000       34073.000
       36.000000      -17.272861      -17.200000       34073.000
       37.000000      -17.274744      -17.200000       34073.000
       38.000000      -17.274970      -17.300000       34073.000
       39.000000      -17.276871      -17.200000       34073.000
       40.000000      -17.277087      -17.300000       34073.000
       41.000000      -17.278986      -17.300000       34073.000
       42.000000      -17.279213      -17.300000       34073.000
       43.000000      -16.436241      -16.400000       34157.000
       44.000000      -15.541301      -15.500000       34246.000
       45.000000      -16.438390      -16.500000       34157.000
       46.000000      -15.533398      -15.500000       34247.000
       47.000000      -16.430489      -16.400000       34158.000
       48.000000      -15.807127      -15.800000       34220.000
       49.000000      -16.432656      -16.400000       34158.000
       50.000000      -15.809299      -15.800000       34220.000
       51.000000      -16.817030      -16.800000       34120.000
       52.000000      -17.269865      -17.300000       34075.000
       53.000000      -17.010312      -17.000000       34101.000
       54.000000      -17.261989      -17.300000       34076.000
       55.000000      -16.439216      -16.500000       34158.000
       56.000000      -15.735412      -15.700000       34228.000
       57.000000      -16.441422      -16.500000       34158.000
       58.000000      -15.737635      -15.700000       34228.000
