      89.9000       0.00000      0.00000
      88.9000       0.00000      0.00000
      87.9000       0.00000      0.00000
      86.9000       0.00000      0.00000
      85.9000       0.00000      0.00000
      84.9000       0.00000      0.00000
      83.9000       0.00000      0.00000
      82.9000       0.00000      0.00000
      81.9000       0.00000      0.00000
      80.9000       0.00000      0.00000
      79.9000       0.00000      0.00000
      78.9000       0.00000      0.00000
      77.9000       0.00000      0.00000
      76.9000       0.00000      0.00000
      75.9000       0.00000      0.00000
      74.9000       0.00000      0.00000
      73.9000       0.00000      0.00000
      72.9000       0.00000      0.00000
      71.9000       0.00000      0.00000
      70.9000       0.00000      0.00000
      69.9000       0.00000      0.00000
      68.9000       0.00000      0.00000
      67.9000       0.00000      0.00000
      66.9000       0.00000      0.00000
      65.9000       0.00000      0.00000
      64.9000       0.00000      0.00000
      63.9000       0.00000      0.00000
      62.9000       0.00000      0.00000
      61.9000       0.00000      0.00000
      60.9000       0.00000      0.00000
      59.9000      0.589629    0.0280778
      58.9000      0.372313    0.0277311
      57.9000      0.125376    0.0568437
      56.9000    -0.0734013    0.0271041
      55.9000     -0.426808    0.0271132
      54.9000     -0.393631    0.0317029
      53.9000      -1.24297    0.0284314
      52.9000      -1.14719    0.0390909
      51.9000      0.308084    0.0360598
      50.9000       1.31321    0.0326996
      49.9000      0.828992    0.0398714
      48.9000      0.382102    0.0150033
      47.9000     -0.672738    0.0337401
      46.9000    -0.0455236    0.0252101
      45.9000    -0.0539295    0.0266972
      44.9000     -0.457169    0.0387144
      43.9000     -0.103926    0.0483764
      42.9000  -0.000116072    0.0385812
      41.9000      0.122565    0.0556227
      40.9000     0.0101218    0.0425532
      39.9000     -0.728179    0.0247372
      38.9000     -0.422620    0.0495114
      37.9000      0.489780    0.0368633
      36.9000       1.00141    0.0400718
      35.9000      0.845204    0.0446860
      34.9000      0.479189    0.0557123
      33.9000     -0.845149    0.0374046
      32.9000      -2.67478    0.0556715
      31.9000      -1.21936    0.0332378
      30.9000       1.63261    0.0567376
      29.9000       8.07831    0.0745192
      28.9000       1.43504    0.0139147
      27.9000      0.497299    0.0328014
      26.9000     -0.495106    0.0314304
      25.9000      -1.81800    0.0482574
      24.9000      -3.20275    0.0436531
      23.9000      -5.47902    0.0625559
      22.9000      -1.67105    0.0635475
      21.9000      -1.58709    0.0594966
      20.9000       1.90396    0.0575881
      19.9000       7.15183    0.0531250
      18.9000       12.4493    0.0690266
      17.9000       16.6536    0.0672704
      16.9000       3.88078    0.0472378
      15.9000       3.79032    0.0511628
      14.9000       3.22048    0.0598364
      13.9000      -1.89290    0.0579710
      12.9000      -4.43794    0.0552257
      11.9000      -8.72978    0.0456491
      10.9000      -1.40713    0.0508941
      9.89999      -3.22339    0.0584509
      8.89999     -0.715289    0.0456882
      7.89999      -1.45820    0.0471726
      6.89999       2.04703    0.0541940
      5.89999       3.18177    0.0596053
      4.89999     -0.899259    0.0532060
      3.89999       2.48393    0.0596491
      2.89999       3.19728    0.0557255
      1.89999       2.96733    0.0433688
     0.899994       1.36253    0.0459650
    -0.100006      0.701220    0.0455537
     -1.10001     -0.649173    0.0574039
     -2.10001      -1.45483    0.0474740
     -3.10001      -2.25099    0.0408946
     -4.10001      -10.5436    0.0521912
     -5.10001      -11.1782    0.0444763
     -6.10001      -4.27994    0.0328251
     -7.10001       3.88464    0.0425907
     -8.10001       11.3802    0.0500677
     -9.10001       8.86789    0.0564334
     -10.1000       7.73660    0.0296896
     -11.1000       2.70294    0.0467804
     -12.1000       1.15075    0.0219836
     -13.1000       2.34933    0.0262108
     -14.1000       4.68196    0.0233673
     -15.1000       4.51842    0.0445665
     -16.1000       3.97612    0.0476471
     -17.1000      0.669852    0.0510683
     -18.1000     -0.800808    0.0399401
     -19.1000      -4.29892    0.0529994
     -20.1000      -5.66462    0.0636682
     -21.1000      -2.64023    0.0536320
     -22.1000      -1.91384    0.0456664
     -23.1000      -3.43681    0.0325885
     -24.1000       1.50239    0.0424658
     -25.1000       2.21613    0.0240220
     -26.1000      0.588870    0.0461942
     -27.1000      0.916089    0.0441059
     -28.1000       1.37892    0.0560828
     -29.1000     -0.249478    0.0410298
     -30.1000      -3.42786    0.0611799
     -31.1000      -5.37629    0.0614673
     -32.1000     -0.776483    0.0279648
     -33.1000       2.23853    0.0492691
     -34.1000       7.95058    0.0466989
     -35.1000       4.20619    0.0593354
     -36.1000       2.12952    0.0380886
     -37.1000     -0.233895    0.0293515
     -38.1000     -0.825038    0.0348837
     -39.1000     -0.555111    0.0263496
     -40.1000      0.406596    0.0406852
     -41.1000       1.75558    0.0519358
     -42.1000       1.76353    0.0503145
     -43.1000      0.140440    0.0256176
     -44.1000       1.05954    0.0379939
     -45.1000      0.427807    0.0306886
     -46.1000     -0.384503    0.0238764
     -47.1000      -3.57834    0.0331061
     -48.1000      -7.31040    0.0679406
     -49.1000       1.92589    0.0594648
     -50.1000       7.16774    0.0611440
     -51.1000       1.70637    0.0539130
     -52.1000      0.833251    0.0366748
     -53.1000     0.0838660    0.0415929
     -54.1000      0.318162    0.0368698
     -55.1000      0.145211    0.0529412
     -56.1000     0.0968870    0.0616062
     -57.1000      -2.51595    0.0523338
     -58.1000    -0.0571105    0.0728477
     -59.1000      0.892429    0.0549558
     -60.1000       0.00000      0.00000
     -61.1000       0.00000      0.00000
     -62.1000       0.00000      0.00000
     -63.1000       0.00000      0.00000
     -64.1000       0.00000      0.00000
     -65.1000       0.00000      0.00000
     -66.1000       0.00000      0.00000
     -67.1000       0.00000      0.00000
     -68.1000       0.00000      0.00000
     -69.1000       0.00000      0.00000
     -70.1000       0.00000      0.00000
     -71.1000       0.00000      0.00000
     -72.1000       0.00000      0.00000
     -73.1000       0.00000      0.00000
     -74.1000       0.00000      0.00000
     -75.1000       0.00000      0.00000
     -76.1000       0.00000      0.00000
     -77.1000       0.00000      0.00000
     -78.1000       0.00000      0.00000
     -79.1000       0.00000      0.00000
     -80.1000       0.00000      0.00000
     -81.1000       0.00000      0.00000
     -82.1000       0.00000      0.00000
     -83.1000       0.00000      0.00000
     -84.1000       0.00000      0.00000
     -85.1000       0.00000      0.00000
     -86.1000       0.00000      0.00000
     -87.1000       0.00000      0.00000
     -88.1000       0.00000      0.00000
     -89.1000       0.00000      0.00000
