      89.9000       0.00000      0.00000
      88.9000       0.00000      0.00000
      87.9000       0.00000      0.00000
      86.9000       0.00000      0.00000
      85.9000       0.00000      0.00000
      84.9000       0.00000      0.00000
      83.9000       0.00000      0.00000
      82.9000       0.00000      0.00000
      81.9000       0.00000      0.00000
      80.9000       0.00000      0.00000
      79.9000       0.00000      0.00000
      78.9000       0.00000      0.00000
      77.9000       0.00000      0.00000
      76.9000       0.00000      0.00000
      75.9000       0.00000      0.00000
      74.9000       0.00000      0.00000
      73.9000       0.00000      0.00000
      72.9000       0.00000      0.00000
      71.9000       0.00000      0.00000
      70.9000       0.00000      0.00000
      69.9000       0.00000      0.00000
      68.9000       0.00000      0.00000
      67.9000       0.00000      0.00000
      66.9000       0.00000      0.00000
      65.9000       0.00000      0.00000
      64.9000       0.00000      0.00000
      63.9000       0.00000      0.00000
      62.9000       0.00000      0.00000
      61.9000       0.00000      0.00000
      60.9000       0.00000      0.00000
      59.9000      0.722070    0.0129590
      58.9000      0.545244   0.00924370
      57.9000      0.154522    0.0239342
      56.9000    -0.0280992    0.0156919
      55.9000     -0.500380    0.0167464
      54.9000     -0.436395    0.0217391
      53.9000      -1.21040    0.0205882
      52.9000      -1.45707    0.0218182
      51.9000      0.371427    0.0123131
      50.9000       1.61442    0.0182509
      49.9000       1.14406    0.0244373
      48.9000      0.322448    0.0123940
      47.9000      -1.01421    0.0201005
      46.9000     -0.256534    0.0160428
      45.9000     -0.293700    0.0144928
      44.9000     -0.548248    0.0189920
      43.9000     -0.376493    0.0231942
      42.9000      0.149515    0.0174238
      41.9000      0.195352    0.0266022
      40.9000      0.149903    0.0224586
      39.9000     -0.804047    0.0142239
      38.9000     -0.813702    0.0267101
      37.9000      0.933263    0.0160858
      36.9000       1.26743    0.0275120
      35.9000       1.38781    0.0295894
      34.9000      0.430874    0.0296192
      33.9000     -0.859967    0.0137405
      32.9000      -4.32364    0.0264440
      31.9000      -1.13443   0.00916905
      30.9000       1.61865    0.0221631
      29.9000       11.8931    0.0312500
      28.9000       1.73395   0.00649351
      27.9000      0.258658    0.0230496
      26.9000     -0.436090    0.0218089
      25.9000      -2.63029    0.0273458
      24.9000      -4.13458    0.0275704
      23.9000      -8.06911    0.0232350
      22.9000      -2.95310    0.0321229
      21.9000      -2.62865    0.0305111
      20.9000       2.36981    0.0169377
      19.9000       8.84754    0.0343750
      18.9000       17.2492    0.0265487
      17.9000       22.5377    0.0245796
      16.9000       4.95799    0.0288231
      15.9000       4.65717    0.0283721
      14.9000       4.42722    0.0262591
      13.9000      -1.67412    0.0202899
      12.9000      -6.45496    0.0255344
      11.9000      -10.6651    0.0235378
      10.9000      -3.26441    0.0199450
      9.89999      -4.09531    0.0213072
      8.89999      -1.73405    0.0205597
      7.89999      -2.09164    0.0240258
      6.89999       1.56993    0.0272696
      5.89999       6.82424    0.0229561
      4.89999       2.52450    0.0186448
      3.89999       1.68901    0.0228070
      2.89999       3.87117    0.0265036
      1.89999       3.22526    0.0212647
     0.899994       1.68110    0.0198485
    -0.100006      0.981629    0.0169615
     -1.10001     -0.778674    0.0208529
     -2.10001      -1.74369    0.0220868
     -3.10001      -2.53826    0.0220447
     -4.10001      -13.0164    0.0290837
     -5.10001      -13.1046    0.0243902
     -6.10001      -5.07653    0.0222363
     -7.10001       3.97747    0.0252016
     -8.10001       11.2985    0.0223275
     -9.10001       10.0769    0.0320542
     -10.1000       8.97743    0.0175439
     -11.1000       3.38482    0.0214640
     -12.1000       1.37310    0.0194274
     -13.1000       3.08650    0.0205128
     -14.1000       5.83372    0.0131815
     -15.1000       5.57286    0.0299145
     -16.1000       4.61203    0.0276471
     -17.1000       1.16278    0.0234497
     -18.1000     -0.983019    0.0149775
     -19.1000      -4.87084    0.0297030
     -20.1000      -6.31351    0.0257009
     -21.1000      -3.79882    0.0257977
     -22.1000      -2.37955    0.0270270
     -23.1000      -4.74943    0.0139665
     -24.1000       2.48935    0.0171233
     -25.1000       2.26676    0.0109815
     -26.1000      0.384181    0.0230971
     -27.1000       2.07537    0.0200481
     -28.1000       1.59719    0.0258844
     -29.1000     -0.451214    0.0193081
     -30.1000      -5.89120    0.0269483
     -31.1000      -7.64972    0.0251157
     -32.1000     -0.885370    0.0108752
     -33.1000       2.69594    0.0276123
     -34.1000       9.61897    0.0209340
     -35.1000       5.81050    0.0308544
     -36.1000       1.33805    0.0173130
     -37.1000    -0.0724602    0.0163823
     -38.1000      -1.07799    0.0203488
     -39.1000     -0.411638    0.0154242
     -40.1000      0.604400    0.0206995
     -41.1000       3.53020    0.0151086
     -42.1000       2.90168    0.0251572
     -43.1000      0.334637    0.0146386
     -44.1000       1.07666    0.0144377
     -45.1000      0.412993    0.0142216
     -46.1000     -0.768034    0.0140449
     -47.1000      -3.94141    0.0175268
     -48.1000      -9.04143    0.0180467
     -49.1000       4.10898    0.0218038
     -50.1000       8.28349    0.0394477
     -51.1000       3.07128    0.0191304
     -52.1000      0.947338    0.0171149
     -53.1000    -0.0691317    0.0212389
     -54.1000      0.526096    0.0150489
     -55.1000      0.115259    0.0243697
     -56.1000    -0.0956512    0.0198020
     -57.1000      -3.35849    0.0311174
     -58.1000    -0.0939163    0.0209713
     -59.1000       1.28962    0.0264966
     -60.1000       0.00000      0.00000
     -61.1000       0.00000      0.00000
     -62.1000       0.00000      0.00000
     -63.1000       0.00000      0.00000
     -64.1000       0.00000      0.00000
     -65.1000       0.00000      0.00000
     -66.1000       0.00000      0.00000
     -67.1000       0.00000      0.00000
     -68.1000       0.00000      0.00000
     -69.1000       0.00000      0.00000
     -70.1000       0.00000      0.00000
     -71.1000       0.00000      0.00000
     -72.1000       0.00000      0.00000
     -73.1000       0.00000      0.00000
     -74.1000       0.00000      0.00000
     -75.1000       0.00000      0.00000
     -76.1000       0.00000      0.00000
     -77.1000       0.00000      0.00000
     -78.1000       0.00000      0.00000
     -79.1000       0.00000      0.00000
     -80.1000       0.00000      0.00000
     -81.1000       0.00000      0.00000
     -82.1000       0.00000      0.00000
     -83.1000       0.00000      0.00000
     -84.1000       0.00000      0.00000
     -85.1000       0.00000      0.00000
     -86.1000       0.00000      0.00000
     -87.1000       0.00000      0.00000
     -88.1000       0.00000      0.00000
     -89.1000       0.00000      0.00000
