      89.9000       0.00000      0.00000
      88.9000       0.00000      0.00000
      87.9000       0.00000      0.00000
      86.9000       0.00000      0.00000
      85.9000       0.00000      0.00000
      84.9000       0.00000      0.00000
      83.9000       0.00000      0.00000
      82.9000       0.00000      0.00000
      81.9000       0.00000      0.00000
      80.9000       0.00000      0.00000
      79.9000       0.00000      0.00000
      78.9000       0.00000      0.00000
      77.9000       0.00000      0.00000
      76.9000       0.00000      0.00000
      75.9000       0.00000      0.00000
      74.9000       0.00000      0.00000
      73.9000       0.00000      0.00000
      72.9000       0.00000      0.00000
      71.9000       0.00000      0.00000
      70.9000       0.00000      0.00000
      69.9000       0.00000      0.00000
      68.9000       0.00000      0.00000
      67.9000       0.00000      0.00000
      66.9000       0.00000      0.00000
      65.9000       0.00000      0.00000
      64.9000       0.00000      0.00000
      63.9000       0.00000      0.00000
      62.9000       0.00000      0.00000
      61.9000       0.00000      0.00000
      60.9000       0.00000      0.00000
      59.9000      0.222575     0.114471
      58.9000      0.116043     0.100840
      57.9000     0.0362945     0.142857
      56.9000     -0.177628    0.0834522
      55.9000     -0.250025    0.0653908
      54.9000     -0.273955    0.0661232
      53.9000      -1.17623    0.0647059
      52.9000     -0.657317    0.0927273
      51.9000      0.126059     0.142480
      50.9000      0.743428    0.0958175
      49.9000      0.347139     0.115113
      48.9000      0.158504    0.0410959
      47.9000     -0.352331    0.0811199
      46.9000     -0.114448    0.0733384
      45.9000     -0.236200    0.0823799
      44.9000     -0.173425     0.109569
      43.9000    -0.0576186     0.112657
      42.9000   -0.00824565     0.155569
      41.9000      0.148375     0.154776
      40.9000     -0.103519     0.125296
      39.9000     -0.235657    0.0828695
      38.9000    0.00775354     0.145277
      37.9000     0.0230045     0.108579
      36.9000      0.542409    0.0819378
      35.9000      0.807757    0.0942029
      34.9000     0.0684743     0.131171
      33.9000     -0.695357    0.0854962
      32.9000     -0.523609     0.132916
      31.9000      -1.07102     0.145559
      30.9000       1.28164     0.195035
      29.9000       4.89418     0.149038
      28.9000      0.801367    0.0463822
      27.9000      0.396918    0.0806738
      26.9000     -0.314689    0.0635022
      25.9000      -1.24057     0.106702
      24.9000      -1.45665     0.101091
      23.9000      -3.43704     0.210903
      22.9000      -1.00187     0.130587
      21.9000     -0.160650     0.151793
      20.9000      0.726706     0.257453
      19.9000       3.97176     0.121875
      18.9000       5.26920     0.189381
      17.9000       7.30660     0.197930
      16.9000       1.37777     0.119295
      15.9000       2.18768     0.131163
      14.9000       1.26479     0.183384
      13.9000     -0.892039     0.171981
      12.9000      -1.89861     0.130048
      11.9000      -5.23902     0.118402
      10.9000     -0.247168     0.139615
      9.89999      -1.17673     0.175929
      8.89999     -0.589698     0.125071
      7.89999     -0.494575     0.136244
      6.89999       1.14613     0.143597
      5.89999      0.685156     0.171567
      4.89999     -0.893418     0.174170
      3.89999       1.77551     0.158333
      2.89999       2.86719     0.136935
      1.89999       2.08140     0.113878
     0.899994      0.994932     0.106816
    -0.100006      0.235920     0.118488
     -1.10001     -0.551387     0.157685
     -2.10001     -0.942723     0.139375
     -3.10001      -1.33664     0.102556
     -4.10001      -4.84743     0.164940
     -5.10001      -6.36172     0.124534
     -6.10001      -2.53496    0.0931809
     -7.10001       2.69862     0.120716
     -8.10001       8.04015     0.177267
     -9.10001       5.07667     0.104289
     -10.1000       5.09062    0.0654521
     -11.1000       1.63414     0.118877
     -12.1000       1.17006    0.0460123
     -13.1000       1.67549    0.0410256
     -14.1000       2.16690    0.0611144
     -15.1000       2.15749    0.0903541
     -16.1000       2.84904    0.0864706
     -17.1000      0.131599     0.107869
     -18.1000     -0.289647     0.123814
     -19.1000      -2.54640     0.115900
     -20.1000      -3.98113     0.178738
     -21.1000      -2.32441     0.116090
     -22.1000      -1.12613    0.0997204
     -23.1000      -1.92438    0.0968343
     -24.1000      0.581200     0.101370
     -25.1000       1.39463    0.0713795
     -26.1000      0.676346     0.106562
     -27.1000       1.12623    0.0882117
     -28.1000      0.488641     0.128559
     -29.1000     0.0768718     0.105390
     -30.1000     -0.772848     0.130371
     -31.1000      -3.06299     0.126239
     -32.1000      0.257099    0.0921802
     -33.1000       1.51328     0.126692
     -34.1000       4.00251     0.138486
     -35.1000       1.63056     0.131329
     -36.1000       1.03159     0.127424
     -37.1000    -0.0203025    0.0634812
     -38.1000     -0.757269    0.0755814
     -39.1000     -0.182458    0.0816195
     -40.1000      0.128881     0.134190
     -41.1000       1.03337     0.125590
     -42.1000       1.04829    0.0890985
     -43.1000     0.0628858    0.0585544
     -44.1000      0.786482    0.0797872
     -45.1000      0.279467    0.0868263
     -46.1000     -0.117091    0.0589888
     -47.1000      -2.62103    0.0895813
     -48.1000      -2.28601     0.210191
     -49.1000       1.49337     0.209118
     -50.1000       2.62291     0.153846
     -51.1000       1.00809     0.107826
     -52.1000      0.448028    0.0867971
     -53.1000     0.0436185     0.101770
     -54.1000      0.177252    0.0917983
     -55.1000     0.0880697     0.162185
     -56.1000      0.217026     0.158416
     -57.1000      -1.07174     0.168317
     -58.1000     -0.220742     0.205298
     -59.1000      0.307013     0.154073
     -60.1000       0.00000      0.00000
     -61.1000       0.00000      0.00000
     -62.1000       0.00000      0.00000
     -63.1000       0.00000      0.00000
     -64.1000       0.00000      0.00000
     -65.1000       0.00000      0.00000
     -66.1000       0.00000      0.00000
     -67.1000       0.00000      0.00000
     -68.1000       0.00000      0.00000
     -69.1000       0.00000      0.00000
     -70.1000       0.00000      0.00000
     -71.1000       0.00000      0.00000
     -72.1000       0.00000      0.00000
     -73.1000       0.00000      0.00000
     -74.1000       0.00000      0.00000
     -75.1000       0.00000      0.00000
     -76.1000       0.00000      0.00000
     -77.1000       0.00000      0.00000
     -78.1000       0.00000      0.00000
     -79.1000       0.00000      0.00000
     -80.1000       0.00000      0.00000
     -81.1000       0.00000      0.00000
     -82.1000       0.00000      0.00000
     -83.1000       0.00000      0.00000
     -84.1000       0.00000      0.00000
     -85.1000       0.00000      0.00000
     -86.1000       0.00000      0.00000
     -87.1000       0.00000      0.00000
     -88.1000       0.00000      0.00000
     -89.1000       0.00000      0.00000
