       136.77903
       85.000928
       8.0749448
      0.65532433
       17.613015
      -215.64278
      -228.30907
      -7.9288369
      -4.6331021
       2.2527349
       95.022308
       190.59929
       34.042128
      0.22692328
       37.868956
       8.0319469
     -0.33174275
       2.6950542
       2.4340885
      0.90482219
       5.3934770
       5.7223518
       4.2526394
       2.2083663
     -0.26570995
       4.3152758
      -10.476621
       12.560016
      -29.832825
       102.93546
       45.077521
       8.5033645
       3.7022180
      -7.7195181
      -8.8348018
       15.056299
       20.123062
      -6.3762664
      -20.707542
      -21.506085
      -58.058448
       43.100440
       49.226057
     -0.87074915
      -1.1954194
       34.099180
      -2.7985899
      -25.671412
       237.26623
       7.4299687
       32.274626
      -169.96946
      -315.61885
      -190.78900
      -13.848648
      -10.101675
      -3.5585994
      -34.531215
       42.381312
      -2.4742210
       6.4014455
       3.4091362
       62.765219
      -7.4305490
      -6.0433745
       15.615455
      -19.232699
       1.6337085
      -4.0953760
       139.32738
      -2.7645976
       9.7205795
      -12.049397
       3.1450844
       1.2985680
       5.2694488
       41.675723
       25.156350
      -7.6104117
       1.9184887
       42.507514
       14.926312
       9.9084854
      -6.6770519
      -7.5734245
       19.335405
      -6.0614794
      -12.794924
      -13.482797
       61.195861
       34.578148
       8.0103010
     -0.33475617
      0.15607780
       4.1793286
       5.4223659
      -3.6449943
      -12.570855
       266.24210
       4.5795647
       2.8612134
      -21.388503
      -7.9529054
       19.204557
       35.094689
       43.857037
       60.083544
     -0.56702368
       30.469962
       15.469061
      -13.903732
       30.170845
       85.129956
       65.245334
      -2.3018662
       51.761843
       9.8324810
       1.8179343
       41.651865
       47.421765
      -8.4694238
       49.037560
       73.151701
       115.79354
       6.2446393
      -14.370694
      -7.6988119
       24.924052
       15.355502
       15.959315
       43.019228
      -2.1368091
       2.9832029
       2.8064263
       4.0376425
       9.2015364
      -11.311215
      -4.8697528
      -12.643228
       10.551559
      -2.1368451
      -22.016174
      -12.016634
       16.232512
       29.574125
       15.453240
      -2.0735313
      -5.4280582
       9.9130145
      -4.0662512
       26.168144
       51.162980
       65.534358
      -1.2810076
       64.361889
       3.3761890
       6.4828901
       9.7585739
       12.869664
       7.0855408
       3.5838686
       1.5509459
      0.13436868
      -2.0878937
       14.909335
       8.3517018
      0.25773713
      -2.9458083
       18.179583
       7.2083633
      -3.7254491
     -0.36430629
      -2.8843389
      -1.8920163
      0.84507759
       8.2648044
       11.761996
       18.729417
      -5.7281211
       2.5940341
       8.2046428
      -28.827856
       2.3998564
      -18.325918
       17.405189
       11.550131
       21.599844
       11.270168
       4.6914294
      0.55009022
      -2.9700566
      0.56182895
      -4.7251136
      -1.6756034
      -9.7301631
       9.2913604
       7.5074348
       2.0690950
      -2.5975521
      -11.105464
      -12.512091
       15.238265
       3.1852361
     -0.54992083
       26.312735
      -7.6515778
       1.9376580
      -2.4765288
      -2.0852825
       4.3345850
      -4.3257176
      -4.1453222
       3.6047025
       5.8278028
       15.712646
       8.7480832
       9.4678014
       97.473117
       19.120627
       14.583509
       1.2401365
      -106.00439
     -0.41155591
      -58.034327
       1.1516079
      -2.7298346
     -0.14891331
       4.1225422
       84.641704
       81.175918
      -1.5157082
       1.3852752
       2.4380215
      -4.5026161
       6.1967738
      -17.418598
       1.1073674
       7.7234764
       7.0548931
       118.72676
       102.89146
       58.846693
       86.962434
     -0.14549424
      -5.4080092
       13.535970
       12.232904
       78.121811
       21.433856
      0.74658233
      0.56035828
      -1.8234985
      -6.2959233
       53.535852
      0.14218794
      -5.1587251
      -1.5439020
      0.22310153
       16.364035
       9.6913348
       15.639236
      -7.1347725
      -15.115760
       15.419445
       11.655995
       9.9796854
       3.6340413
       20.370436
      -56.883773
       11.761161
       18.916795
       14.732572
       11.775992
       3.0211257
       1.8651656
      0.82421423
      0.68647650
       1.3765355
      0.73940662
       3.1817959
       3.1451232
       7.4342596
       17.852004
       46.037323
       24.394055
       26.260246
       6.2645844
       9.1946774
       9.7175898
       114.82739
       102.38586
       61.176042
       65.290151
       25.444848
       53.232038
       71.757471
      -3.3798979
      -7.7467233
      -7.0865708
       5.6004506
      -16.891351
     -0.19188635
      -214.77197
       23.074420
      -2.4290481
       4.5596365
       9.8884616
       34.017680
       4.7154334
      -10.386261
      -4.3536046
      -16.682176
      -21.075828
       106.63498
       2.6099371
       14.075356
       15.015409
       31.355616
       17.875389
       59.141539
       14.541733
       10.151011
       8.4091879
     -0.38245998
       1.1156009
       3.8723745
       5.5750681
       14.176734
       8.4296095
       17.792992
       24.632965
       20.873941
       73.771087
      -14.664876
      -58.973826
      -15.717897
       2.2780101
       9.9830201
       16.034886
       44.110104
       74.901628
       43.417359
       21.084437
       1.8377113
      -12.679223
      -24.836412
       37.741457
       22.506612
       13.444514
       9.0394657
       8.4238688
       44.966817
      -9.4118522
       4.2582974
       63.769040
      -1.5108995
      -281.39506
      -41.834359
      -7.0459218
     -0.63147911
       18.719153
       8.0824624
      -4.7110736
      -8.1978341
      -47.997126
      -22.571777
      -4.8734827
      -4.7861216
       22.820184
       2.3022875
       101.44588
       8.4720108
      -6.1657063
     -0.30279303
      0.62945684
       5.4387182
       7.1227196
      0.71108509
       5.5233916
       7.0269645
       15.042020
       26.039655
       47.752662
       1.3747063
      -31.213814
       1.8114781
       62.060399
      -9.0812228
       12.087741
       15.197533
       29.172175
     -0.53033040
      -12.774821
      -6.7815226
       5.1099607
       27.025828
       10.153724
      0.28265635
      -17.278840
      -18.889969
      -68.752015
       6.8247944
       10.275803
       2.5140613
       5.8238767
       6.2200703
       44.773791
      -13.699106
      -25.367947
      -1.3455003
       51.620584
       26.027596
      -12.904432
      -196.50248
      -10.183831
      -12.502061
      -16.547081
      -13.855156
      -13.878704
       16.640422
       3.4375443
      0.23392603
       14.632639
       153.80402
       102.53873
       193.95342
      0.70605441
       1.3342907
      -6.3411767
       16.398436
       51.513552
     -0.68644951
      -2.6548738
       27.753452
      -2.2654437
       20.303290
      0.93526740
      -4.1540771
     -0.13679216
      -2.5739526
      -6.8904664
      -11.741116
      -201.76966
      -19.464391
      -2.1473729
       8.8363037
       1.6631843
      -2.8673420
       70.832073
      0.47836199
     -0.92819877
       10.013689
     -0.24728744
      -2.8682440
       2.1683695
     -0.14078481
       3.7654508
       1.4330275
      -3.7497580
       155.97640
       109.71664
       146.49317
      -1.6024595
      -4.3575339
       12.790244
      -5.3049453
      -1.2142482
     -0.30040233
       33.740087
      -33.119588
      -22.505647
      -44.228335
      -1.1859050
      0.93989182
       4.9508996
       2.6937563
      -1.9388253
       1.2409360
       11.947116
      -2.7929425
       5.9148135
       6.7247437
       6.1807237
       2.0653403
       29.781844
      0.23541600
      -4.2522942
     -0.65421830
    -0.036815866
     -0.45486517
      0.26170021
       1.5408507
      -1.4213092
      -1.6034504
      -1.7131565
      -3.3263339
   -0.0067130377
     -0.41011415
     -0.77684545
       12.947583
       6.9140342
    -0.026308846
      -4.2376916
       4.4481920
       12.684969
       23.587433
       5.2622250
       19.748853
       13.994036
      -8.9018141
      -2.7599880
       1.4081821
      -1.1703184
       13.326208
      -27.922452
      -2.8889317
       20.159811
      -1.8547688
      -6.1493399
       3.3756754
       7.8257410
       3.1916130
       19.213363
       8.1711315
       3.5554193
       1.1939576
      0.93348142
      -1.2227461
       15.014754
       15.701131
      -1.8866424
       17.517503
       2.9940408
       2.2626534
       8.3082597
       16.435997
       20.635236
      0.64196382
       15.852422
       11.930866
       15.067822
       19.545795
       14.930076
       14.670398
       31.274174
       8.3700602
       5.6695957
       48.961417
       244.27094
      -11.817300
      -23.684830
      0.94576995
       21.856385
       11.524529
      -3.9883054
       2.2719417
      -2.1978899
      -2.4020199
       10.383875
       13.150142
       11.015937
      -3.1051091
       34.818568
      -5.3586847
       37.111026
       26.908726
       1.4644051
      -11.600208
      -2.2579759
       4.2464176
       16.936082
       11.052331
      -3.5897915
      0.50051764
       10.127880
       11.473367
       14.514475
       67.183532
       50.962698
      -1.5613219
       97.421984
       3.1192119
       305.95185
      -39.073992
       6.7891138
       89.540510
      -108.86479
       7.5132334
       2.0738465
       4.5390756
      0.51854465
       25.220724
       118.84203
       102.03295
       114.18770
       107.04627
       80.429703
       3.0918994
       42.286081
       59.410732
      -5.4455361
       41.597316
       7.0396529
       4.7103679
       1.2528017
       25.052167
      -55.944126
      -6.3742532
       3.3407938
       28.269305
       24.857756
       32.782658
       25.284032
       28.813294
     -0.58779537
       8.6596918
       12.398280
       28.593563
      -5.1755828
      -21.486146
       102.01423
       97.649213
       26.442687
       43.484571
       129.76802
       182.41008
       7.1081661
       4.6149397
       11.823537
       6.8766226
       21.196585
       21.475231
       11.476197
       10.562832
       3.5875362
       35.466663
      -6.1481116
       36.555163
       5.5461585
     -0.86671616
       5.7893525
       17.501351
       142.38556
       96.876414
       60.761145
      -3.6604422
       46.359240
       67.713443
       81.755333
      -14.062368
       16.742568
       12.286300
      -4.7336197
       4.0502527
      -3.0547997
      -9.9089688
       8.4974487
       2.4684928
       3.2832600
       2.7007225
      -19.871090
      -8.3732153
      -75.324539
      -9.9891278
       166.01700
       180.61406
       27.669062
       47.741038
       118.29191
       142.22740
       76.267276
       2.3486839
       1.6069590
       1.3777643
    -0.058253866
       17.885371
       19.738780
       10.461224
       7.4366146
      -8.4284140
     -0.66844884
      -63.916404
      -114.81293
       20.524358
       6.6292274
       12.332447
       6.1994285
      -42.964578
       9.6396030
       6.4775259
      0.17842429
       14.104601
       10.316624
       12.682133
       103.10555
      -24.985727
      -4.9974911
     -0.70656615
       8.0911528
      -7.9917928
       1.2842574
       4.5589231
     -0.41905095
       21.547982
       5.2917244
      -2.2954061
       2.1126601
      -5.1895568
       123.31256
      -40.298924
       21.229610
       21.367274
       155.53110
       87.198611
       14.132354
       51.493279
       46.995251
       15.904894
       43.756615
       104.58780
      -15.985747
     -0.56675613
       7.7502062
       5.2409936
       5.4258861
       2.0349842
       6.0228606
       3.7069280
       1.0522126
       8.3303687
       39.283437
      -10.334315
       7.6423121
      -4.7749112
       32.248908
       118.58687
      -1.1276670
       5.7176743
       24.207111
       6.0454879
       5.1850401
       2.6879355
       82.362303
       70.479618
      -7.4514981
      -26.926221
      -19.134139
       2.3750126
       26.802576
      -5.5442721
       9.9124585
      -8.2081750
       15.557398
       5.1369284
       4.5816692
       1.8535668
       6.2838472
       10.358294
      -3.9554481
     0.090479608
       10.433893
       8.9954536
       5.6407257
      0.50277832
       13.378692
       1.4513078
       5.7159441
       15.902378
       12.032369
       2.9896314
       7.8961537
       4.1233150
       5.8038298
       134.20879
       104.07021
     -0.94398417
       17.159170
       6.8292487
       13.284851
       14.931383
       8.0902160
      -1.3357158
      -5.3997390
      -6.7002883
       7.5825445
       10.945247
      -2.1106877
       4.5408182
       19.538870
       30.969837
       7.9075179
       130.05807
      -8.7968475
       12.351887
      -19.176764
      -1.0052215
       126.93260
      -18.716180
      -6.2864198
       2.8658275
       13.619510
       32.810163
      -12.108192
       46.270902
       193.12370
      -5.9999814
      -14.147641
       8.3364521
       10.738333
       168.43269
      0.74040322
       6.8813951
       7.0605760
      -57.069691
      -2.8300482
       1.8904477
       47.758817
       13.391491
      -34.493354
       119.70187
       66.361528
       2.0198383
       5.2336579
      -5.5931081
       8.8359332
      -9.5368435
      0.72667839
       8.0799287
       3.2407870
       48.235726
       16.211194
       50.374989
