      -37.712033
       135.20967
      -1.3693031
      -64.069694
      -39.226091
      -134.17589
       31.894538
       285.55810
       6.0175905
       375.54901
      -31.619077
      0.14465012
      -28.714266
       13.660581
      -1.7156306
      -53.114645
       262.47455
       46.320794
       6.6807273
       69.958729
       20.083278
      -6.2531801
       157.64537
       123.29939
       39.210578
      -41.824106
       100.95106
      -41.497833
      -102.89647
      -57.791126
      -8.1901702
       192.13119
       99.934127
       71.251996
       5.3919805
      -4.7132056
       128.53758
      -80.506910
      -52.894703
      -73.282059
       158.24915
       26.871188
       138.62935
      -244.88200
      -25.709090
      -182.44474
       5.9331058
      -14.054928
      -25.284479
       43.730361
       31.332548
       13.572054
      -5.4137927
      -1.2243260
      -4.7034073
       51.757077
      -69.550657
      -200.95542
      -89.959117
      -46.803916
       129.72604
       46.357935
       125.89798
       81.784968
       72.196608
       1.6780856
      0.34444163
      -27.236475
       86.209427
       436.72693
      -21.436342
      -124.07886
       102.44502
      -57.280516
      -10.827190
      -33.412620
      -9.4134658
       44.628700
       147.85393
      -1.0155777
       7.8705446
       260.21035
       313.11388
      -237.57896
       13.888496
      -3.5256272
       32.663492
       18.749500
       10.220150
       1.7653567
      -69.799927
      -52.882518
      -6.1272583
      -36.717275
      -14.522278
      -46.434153
      -111.48213
       73.070820
       160.69681
      -23.676452
      -233.48102
      -3.5011070
      -5.6849292
       178.25497
       26.844021
     -0.34976598
      -10.698263
       6.3541520
       92.246458
       90.072268
       82.452281
       29.839831
       2.9143855
      -136.57217
       40.588353
       77.529676
       50.183326
       161.73152
       76.957793
      -63.809856
      -5.1422847
      -11.652021
      -12.158782
      -28.255713
       90.183016
       146.07668
      -99.834229
       494.20988
       32.014510
       447.94219
       374.75504
      -6.9819757
      -15.519945
       79.069316
       103.89301
       129.13402
      -295.92240
      -52.312950
       14.026390
      -79.520408
       122.23242
     -0.23669283
     0.050024419
       3.2728773
       49.027043
       321.28699
      -36.318817
       105.66389
      -10.988213
      -46.512272
       50.604798
       16.572218
      -7.8448931
      -142.95847
      -44.205218
      -25.184889
       4.9668922
       9.1584315
       60.430066
      -6.1533638
      0.80291948
      -8.7137183
      0.33804035
      -8.9660997
      -64.849103
       27.236293
       348.38645
     -0.61310184
      -10.979916
      -13.614736
      -16.672158
       84.975681
       125.24864
       130.68599
       88.417759
       94.902931
      0.66751920
       23.035290
       72.941420
       376.81305
       179.85450
      -14.737301
       63.669028
       269.91315
      -8.3982397
       63.977903
       113.36711
       13.200613
      -10.274454
      -10.410078
       27.431172
       21.354313
      -9.0295198
       78.001391
       117.21717
       151.35985
      -105.01420
       67.493209
       10.683372
      -14.687608
      -5.5429565
      -20.603085
      -111.56060
       7.6334262
       3.5840442
       260.34804
       137.74378
       286.88706
       4.1370071
       13.587946
       19.891641
      -255.39875
      -272.15011
      -46.443063
      -5.1884484
       191.09266
       260.97474
       234.31939
      -1.3308093
       56.229903
       67.191706
       32.396786
       65.295182
       16.281770
      -13.198510
       50.629927
       137.80262
       43.893194
      0.28270625
       63.163683
       85.767809
       113.59415
       26.511239
      -25.326965
      -91.964203
      -20.263779
      -5.5351922
       61.540962
      -1.5031764
       33.980860
       91.122045
       68.263262
       141.01756
       172.74277
      -60.701164
      0.50719335
       17.200229
      -45.959225
      -72.262118
      -46.464610
      -19.697455
       63.411414
       125.57604
       35.728549
      -1.3709360
      -40.218200
       23.085633
       147.28635
       16.841803
       120.04056
       12.997735
       9.3566747
      -241.79893
      -340.01088
      -86.805297
      -53.665695
      -16.918498
       11.514324
       33.950668
       50.701373
       51.920774
       28.988201
       51.026826
       31.393984
      -81.290266
       93.572245
      -8.4296891
       1.2746034
       6.9004538
       41.684147
       57.759951
       34.890330
      -20.124856
      -38.283015
      -78.016541
       14.520085
       42.677646
      -9.1338844
       11.528696
       10.036268
       89.751753
       67.674604
       41.091634
      -4.6213617
      -42.847476
      -32.483431
      -24.641096
      -5.7190158
       12.949541
       19.409188
      -55.201963
       175.85178
       155.99460
       191.65830
       98.931507
      -159.71396
      -181.88857
      -28.953929
       14.051698
      -1.5450299
      -99.105222
      -36.535940
       76.914145
      -24.679145
      -6.2386431
      -31.756850
      -1.1679566
       37.921813
      -124.33192
      -12.797929
      -43.789858
      -12.071731
      -1.5800753
       9.9945423
       27.163092
       29.517414
       51.417982
      -5.4518911
      -14.064154
      -36.962248
       11.111780
      -10.005148
       26.748190
       65.754306
      -52.172981
       23.421048
       16.953563
       6.5941463
       33.774224
       70.134687
       89.479056
      -118.35642
       234.70167
       45.891763
      -4.7992751
      -39.625018
      -92.783740
       68.422422
       37.439360
       43.088256
       6.8230476
       18.206802
       30.965998
       132.91656
      -27.569808
      -17.811975
      -15.486694
       131.52633
       67.340799
       11.152759
      -22.604056
      -57.222164
       24.172935
       53.808424
       51.338879
      -69.843772
       263.25996
       281.98234
       321.50587
      -46.665252
      -56.560254
      -17.774062
       9.6089566
      -10.949250
      -93.398080
       5.9687644
       32.144183
      0.92904449
       83.584070
       35.551644
      -127.11390
       5.0862561
       155.28577
       66.141471
       14.804601
       41.569503
      -16.772526
       85.742617
       61.780589
       104.54850
       117.97257
      -20.013602
      -47.379334
      -409.66962
      -78.564322
       18.378712
       60.044273
       22.435489
      -24.618662
      -25.645488
       19.385443
      -76.857552
      -29.754164
      -30.057015
       18.939859
       13.224452
       101.33124
       68.153475
       303.75372
       221.25213
       296.82628
       387.86980
       443.98207
      -74.612972
      -50.225791
       50.579187
      0.71416998
      -4.1117152
      -31.635489
      -163.98415
      -83.372356
       130.44470
      -38.715381
      -35.743123
      -20.675650
       1.4150911
       75.739554
      -5.5196988
      -8.7691853
       54.489494
       23.071379
       94.178063
       82.305036
      -14.231076
      -46.866329
      -24.394482
      -11.506446
      -14.684270
      -18.100780
      -85.565369
       101.03332
      -8.4797761
      -28.217578
      -16.630955
       161.70734
       69.157737
      -21.774177
       393.06833
       247.33478
      -63.857941
       84.521455
       15.539267
       3.9726383
       142.82278
     -0.38518393
       2.0708224
       62.164275
      -10.902514
      -176.31376
      -28.102020
       4.3199298
       62.273265
      -57.711894
      -17.060462
      -38.466382
       153.95627
       102.68098
      -29.650677
      -45.592583
      -100.73465
      -41.578982
      -46.094767
       58.110859
       2.3778017
       235.74073
      -41.911263
       178.26523
       114.57786
      -13.693520
      -18.888471
       29.189649
      -7.3491564
       28.342644
       192.97542
      -18.097759
       652.17599
       192.29643
       19.851203
      -82.944431
       82.203923
      -28.691109
       32.183897
       2.5653374
      0.39627494
       17.136078
       83.865404
       22.751456
      -54.882149
      -81.089378
      -9.5446709
       112.38404
       15.293609
       5.5003605
       18.705698
       47.878555
      -47.789711
       15.579207
       36.534389
      -13.925676
      -67.752303
      -58.117508
       15.504621
       38.440601
       115.25605
       222.69379
      -7.0970116
      -46.059305
       22.997422
       71.548316
       88.793986
      -39.575299
       95.437168
       272.64821
      -17.181872
       64.464753
       63.435924
      -64.544072
       24.901820
      -64.972827
       94.804794
       146.56215
      -10.124199
       46.211557
       32.262952
       57.243607
       34.789270
       68.686832
       12.926945
      -38.995319
       45.850095
       99.224823
       131.00075
      -207.81417
      -10.097536
      -50.900316
       57.975195
       56.418062
       128.47784
      -71.847288
       41.186461
       37.526332
       25.934347
       45.076037
       83.134180
       41.182000
      -4.9237097
       1.2407718
      -5.1539966
      -7.3799670
      -7.9142616
      0.35839774
      -7.1802009
       14.949018
       113.01062
       119.81792
       204.04712
       87.593858
       32.021321
       41.450367
       30.945987
       95.593852
       143.99178
      -27.547303
       254.67562
       152.00668
      0.87445429
      -124.92543
      -151.36134
      -21.562351
       70.526698
      -28.073776
       76.235348
       49.342967
      -11.906256
       131.32832
      -15.598870
      -136.07185
       5.2421506
       2.8423421
       255.40879
       197.61922
      -30.411665
      -24.254341
       6.8716033
       6.7566559
      -14.822590
      -8.5677950
      -3.7866383
       6.2902423
       23.788976
       18.119674
       120.23887
       27.049143
       31.268106
       113.84715
       31.263265
       10.681281
       8.5366332
      -22.230997
     -0.37349194
       11.586829
      -29.229249
       58.036429
      -17.684626
       207.33603
       221.83966
       71.044072
       7.7615236
      -53.540131
      -31.942791
      -11.364319
      -21.888788
       10.595183
       6.8047087
       9.9676198
       164.07899
      -15.742493
       116.17303
       5.6861768
      -30.290850
       18.611924
       37.399761
      -2.9935533
       29.065855
     -0.25137749
       14.769233
       24.565798
       29.481520
      -4.7437943
      -22.674668
      -28.912695
       108.63188
       105.49711
       163.63154
       30.382246
      -44.077154
      -8.3543946
       29.265597
       129.65179
       55.030457
      -12.148960
       100.83420
      -33.922524
      -109.81593
      -128.15804
       13.863603
       493.70297
      -7.8764839
      -29.755474
       11.394761
       46.074595
       26.282954
       18.352933
      -6.0982827
      -28.394551
      -38.025279
      -67.661657
       43.692454
       112.37632
       404.96157
       146.65630
       146.18659
       73.502553
       99.034405
      -3.7764931
       30.934946
       43.630087
      -21.152067
      -28.214392
      -51.704191
      -33.821594
      -23.065223
      -11.247954
       30.697931
       18.615429
      -23.624169
      -19.991595
       7.0794509
     -0.76129264
       32.231892
       81.755075
      -19.199568
      -24.626608
      -40.090435
      -35.657117
      -107.75589
       85.037527
      -5.7614035
      -106.13274
      -103.62889
       45.849655
       13.399817
       31.083576
       39.041792
       29.257383
       22.872458
      -49.039706
      -37.644168
      -38.598886
      -23.746432
       9.9176563
      -63.172470
       58.789604
       120.44574
       32.230928
       240.91196
       28.338902
       21.793298
       64.142564
       290.76318
      -42.393500
      -7.1597425
      -1.1936826
       204.35268
       226.67159
       7.9611359
       6.2462667
     -0.87532556
       36.826531
      -22.283330
       28.191524
       73.253463
       57.999958
       91.965910
       4.7119071
       71.851135
       101.43284
       575.32859
      -4.7019358
      0.45032232
       3.3566327
       90.116947
      -4.7007010
       17.210677
       95.904389
      -50.209248
      -6.1975579
      -88.334577
       69.690437
       12.635278
      -7.5378912
       14.607646
       11.462598
       31.114165
       58.156597
       59.416638
       33.881212
       8.8414441
       17.073411
       63.176530
       31.636897
       16.504145
       279.02872
       201.99221
       297.19848
      -126.71541
       37.503125
      -33.625261
      -18.428334
       12.351767
       141.83235
      -77.784097
      0.11877654
