       1.2559930
      -4.9083442
      -5.1217093
       6.2873121
       10.603123
      -1.6580898
       11.820675
      -3.8604698
       119.18432
       10.248614
       11.347401
       7.7497132
       2.2994137
       1.4332707
      -13.637443
      -17.137263
      -10.861841
      -7.0286429
      -2.3962075
       5.3092144
       8.5745200
       6.9363064
      -1.5170319
       2.5113923
       11.738875
       7.2220953
       3.2537045
       15.261420
     -0.46999132
      -2.9812672
      -5.8100354
      -2.7594404
      -10.655102
       2.7383533
       1.1332794
      0.18338269
     -0.40966873
      0.99449961
       17.997756
       4.5223781
       3.2465448
       1.7035141
       5.0665830
      0.92471060
     -0.76310068
      -15.337468
      -12.046742
      -11.055663
      -30.488908
       150.22241
      -63.115650
      0.63032701
       16.290593
       20.307728
       22.861775
      -5.3974699
      -5.6963919
       1.4001747
      -2.8497402
      -1.7301402
      -4.5404149
       3.1012745
       11.447203
       2.9902435
       3.6054753
      -4.3040617
       6.0321930
      -1.9209469
       10.950363
      0.48220761
       8.3464251
       8.8498137
       8.2864434
      -1.0264593
      -1.4234023
      -17.106397
      -23.665453
      -5.4513766
      -2.1601638
      -1.5346218
     -0.21114323
       1.2258027
      0.20815014
      -12.773495
      -60.925189
      -2.3351710
       60.174467
      -7.9903216
       88.187311
      -44.356901
       5.5002452
      -49.051316
      -135.16569
      -67.763751
      -31.489659
      -10.223451
      -24.646347
      -51.501420
      -31.359142
       24.589815
      -20.192396
       3.2070934
       236.08740
       173.17501
       31.282808
       37.713450
       32.966469
      -8.2158328
      -8.6291146
      -1.5864629
      -1.3883462
       1.6051815
       11.406135
      0.47547646
      -1.0630779
      -1.1931428
       6.6779979
       17.263719
       69.883107
       1.2255257
       14.398325
      -3.0763042
      -59.073788
       656.07578
       7.8173762
      -2.9127142
       6.9366852
      -24.612778
     -0.28780274
       2.4416934
     0.090929321
      0.56353182
     -0.20192554
      -3.2518135
     -0.85964605
       2.1143263
      -10.822786
     -0.86939978
       18.192868
      -1.8514598
       35.427327
     -0.33395622
      0.10541186
      -1.3685171
      -27.208389
      -30.608679
      -21.358476
      0.83195895
      -16.955834
       39.286227
       59.113435
      -162.79499
      -35.799582
       10.580609
      -44.207483
      -48.105975
      -21.268607
       5.3937101
      -13.055200
      -26.971376
      -56.279471
      0.41773873
       13.786157
       32.051215
       52.236819
       124.03266
       316.27974
       337.30841
       125.79199
      -860.08348
       27.665439
      -11.466830
       40.195260
       6.1027831
       1.8339648
    -0.090905116
       16.338929
       24.170735
       19.154846
       10.528874
      -1.3821789
      -20.956156
      -9.9583899
      -10.675082
      -2.4969341
       16.320500
       24.938419
       8.6200609
       20.468908
      -21.110807
     0.055138755
       2.6831095
       6.9437764
      -4.2725619
      -47.836033
      -49.923699
      -17.279582
       63.683890
       15.704064
     -0.21789181
       4.5700652
       9.3391336
       1.1948822
       20.499120
      -1.1924772
     -0.15233695
      -2.5153741
       11.099676
       10.110746
       8.9784793
      -1.8856304
      -5.9970489
       19.091273
       27.754013
       12.586222
      -3.6208636
      -2.8672806
       21.698614
       16.694772
       8.6927737
       2.6688668
      -4.4011867
       20.421467
       23.331264
      -264.79091
       7.3148134
      -15.315745
      -31.404556
      -27.763434
      -12.078341
      -7.1717057
      -7.0555575
      -13.553649
      -11.274171
      -5.5681467
      -2.9885554
       6.5185513
      -5.1303734
      -1.0598067
      -8.1701282
      -5.5850271
      -1.8884887
      -1.5696301
      -3.0416136
      -6.0076783
      -4.1136490
       1.3111368
      0.51323725
     -0.13138153
     -0.40772944
       1.4355612
      0.79483079
       1.3613043
       5.2599928
       5.4060253
       1.8432568
       3.9932445
       4.3099257
      0.80076322
       2.8566858
      -2.6054001
      -1.2485824
       5.8876157
       8.3817948
       52.023496
       25.794001
     -0.32321381
      -1.3741923
       7.2247119
       25.552134
       14.438611
       6.9229651
      -2.1014107
      -14.283160
      -12.448284
      -5.0677932
      -3.9817935
       2.7212670
       16.876119
       10.210702
       12.572054
      0.38398493
    -0.039710470
       7.9350134
      -17.118187
      -6.6674393
      -34.398558
      -10.929415
       2.1026606
     -0.65100138
       11.050147
      -4.9147141
      -22.758249
       16.599105
      0.22536508
      -15.241593
      -17.932531
      0.16106475
     -0.57232783
      -3.7383152
      -13.888965
      -4.1097707
      -3.3795400
       1.1598315
       4.8275119
       3.8523489
       14.218351
       3.2367531
       1.4763993
      -1.3884106
      -2.3826538
      0.20854691
       5.7914274
       3.9455511
      0.98074931
       1.7445110
       1.4267619
      0.62158182
      -3.8316885
      -5.8181789
      -2.6588048
       10.509872
       6.4256647
      0.49027798
       9.7906022
      0.65939484
      -3.0576086
      -12.237215
      -19.435252
      -21.780331
      -15.208934
      -5.6420105
       5.4933916
       7.7334346
      -26.160849
      -32.187360
      -18.520737
      -6.4651829
      -9.1292131
       6.1770807
       6.2788370
       5.4118061
       4.7239134
       9.1251036
       1.3789857
       1.8577251
      -3.3719423
      -2.7040022
      -4.5078598
      -2.7166464
     -0.34701997
      -1.5297618
      -4.0338407
       2.4546574
      -1.8098380
      -2.8486788
       1.1102064
     -0.19571531
      0.19167388
      0.79701386
       3.8950364
       6.6661399
       4.6842691
       7.7619356
      -21.881459
      -7.2873526
      0.40394436
     -0.20820669
       1.4638741
       5.8788948
       84.990165
       53.267993
       3.2148840
       25.285916
      -19.437141
       10.352173
      -3.0604812
       2.9094975
      -1.6654598
     -0.34409754
      0.13889209
     -0.49687635
       7.4988871
       21.816282
       8.1722597
       2.0466501
       3.4039155
       5.6019023
       1.3310611
     -0.20540728
      -2.6840431
       3.3468277
       6.1310693
       5.3252731
       5.5930271
     -0.29368581
      -4.8563718
      -7.3370572
      -3.9416484
       5.4803629
       30.708141
      -9.9047783
      -2.3259033
       13.867415
      -13.060814
       2.6219633
      -6.4119505
      -1.1320190
     -0.82300703
       1.3806715
       1.3993525
       3.8811612
       2.0277342
      -4.4239868
      -3.7740109
      -2.5523180
      -1.1144208
       2.8664833
       2.0415403
       5.2608919
       4.9164892
       1.8086090
      -1.1013135
      -4.5294644
     -0.50321575
       1.8352992
       2.2258207
     -0.46094216
      -2.5075544
      -1.8303894
    -0.066315157
       3.5554848
      -4.5515677
      -4.4277974
       1.4708440
       3.5191808
       8.9051509
       7.7629708
      0.16814428
      -5.8896618
      -7.7350380
     -0.40826505
       3.5912014
       14.468652
       56.516161
      -28.180070
      -12.512740
       11.947293
       7.1175415
       30.856596
       40.631898
       37.891733
       15.161043
       19.598417
       72.551667
      -9.2214733
     -0.53021851
      0.54460689
       12.419014
       7.7516304
       29.944786
       1.6732305
       2.4749450
     -0.38543486
      0.14782631
      0.50392448
     -0.57627678
      -1.0871220
      0.17910983
       7.2334097
       13.467658
       7.9714981
       2.6781745
     -0.50944102
      -1.3688949
      -1.3326686
      -1.1939915
      -13.853530
      -7.2948678
      -1.5685871
       2.8318149
       1.4387824
       2.6192017
       5.9426504
       3.6360798
      0.67273209
       1.3228874
       2.2477759
       1.9052599
      0.45902217
      -1.8170324
       1.4452174
       1.7324438
     -0.63720134
     -0.60588960
      0.83152154
       9.9722538
      0.65340820
      0.86045625
       18.595183
      0.84895174
      -3.1868134
      0.74861031
      -1.3415169
       2.1035376
      -1.6875853
      -1.0934283
      0.13539754
       3.0212685
       9.3153932
       2.1386854
      -1.0084901
      0.82371492
       1.2560350
      0.13763823
      0.12165475
      0.73161949
      0.68701648
    0.0084543522
       1.3460639
       1.5292871
       1.2841350
      0.85788696
     -0.71943900
      -3.5752227
      -6.9489809
      -8.0564909
       10.519095
       19.436084
      -1.6143865
       2.7154538
       52.588442
      0.13103739
     -0.16991253
       3.0847979
       14.195033
       8.0630000
      -6.4162219
       10.868833
    -0.011708350
       1.5292133
       1.8688636
      0.37874650
       41.901009
      0.85609591
      0.33823257
      -1.6486397
       26.458408
      0.29163916
       1.5169186
       2.6847881
      0.65762649
      0.57649447
     -0.53594028
      0.90768346
       14.232334
      0.12092776
      0.19249645
      0.45971493
      -1.7666840
     -0.81005187
       1.9090112
       13.501023
       22.252721
       12.155637
       4.6278302
     -0.48826705
      -1.4471700
       6.8682840
      0.27695276
      -2.0554211
      -14.831988
      -9.7699525
       4.5523435
       7.7204609
       12.759440
       15.273998
       10.739265
       10.317441
       5.5388539
       3.5161422
       4.4898893
       4.6838484
       1.1211297
     -0.88230362
      -9.7653555
      0.36301726
       9.5015813
       1.4042579
       13.435351
       39.651234
      -12.914488
     -0.22830239
      -10.418778
      -6.7635373
      -9.5890378
      -4.5657578
      0.46535346
       1.7451465
     -0.71343021
      -11.130223
      -44.292964
      -34.157343
      -16.885038
      -14.058320
      -11.501674
      -6.9724931
      -5.6066669
      -14.466752
      -56.879140
      -34.774630
      -18.608382
      -16.223248
      -15.721912
      -10.412903
      -5.6652029
      -2.9362095
      -4.4539527
      -9.9638398
      -4.6158401
       1.3808182
       5.1158210
      -9.8826966
      -7.4451220
     0.083550416
      0.86383737
      0.74391927
      -4.5143772
      -6.3634189
      0.34036225
      -1.6149330
      0.47239889
      0.44381993
     0.074047195
     0.050663983
     0.057161227
      0.64470068
       2.1721108
   -0.0027506729
     -0.35731965
       2.6360759
     0.088805555
       3.8309190
       1.2331282
     -0.19719775
      0.47896152
       8.3900913
       5.8971730
     -0.18205947
       13.676986
       8.0020300
      -5.4285996
       3.9172159
       5.1737839
       11.648764
       10.745262
      -4.1295548
       17.672874
      -3.6367409
      -11.040193
      -10.220035
      -2.5897713
      -4.2445131
       3.5287467
       3.0037300
       5.1840329
      -1.0206523
      -845.67645
      -54.343061
      -190.27337
      -269.63106
      -33.106491
      -33.531386
     -0.80595405
      -3.7658171
       50.310486
       2.8521778
     -0.81114733
       4.8130457
       23.385901
       3.9620629
       12.613916
       179.89312
       17.653880
       32.482545
       115.91203
       34.533639
     -0.11551683
       1.3379435
     0.072684735
       7.1970146
      -1.9599157
     -0.33887116
      -3.2801505
      -9.5910405
      -1.8466819
      0.82916810
      0.14850755
       1.1632678
    0.0026153170
      0.37042273
       2.3913346
     0.026640532
     -0.16699642
      0.81291589
       111.64143
    -0.066677120
       2.7082906
      -21.832526
       87.422861
       12.486295
      -11.664557
      -1.3861012
      -11.399114
       2.0758386
       38.241874
       27.701059
      -93.390412
       1016.3223
      -575.05955
      -587.29099
      -571.60537
      -905.44364
      -534.98074
      -85.109545
       4.0873124
      -47.720580
       17.765875
       66.839029
       12.335882
       4.7815567
       12.962534
       15.390844
       17.636037
       8.8188275
      -2.3597508
      -6.1340055
     -0.18557695
       55.861782
       29.854498
       35.667485
      -5.7403713
      -9.9129046
    -0.096030205
       1.4210897
       10.471499
      -2.4232948
       14.637098
       10.265548
      -41.000453
      -20.731178
       218.87745
      -1.5165443
       30.349762
       28.199054
       17.557773
       13.269073
       113.85128
       230.14224
       107.91188
     -0.90283291
       5.0162485
      -13.393898
       63.728108
       13.430724
      -4.6495566
       16.915241
      -12.464033
       19.462610
       32.670732
       23.750727
      -585.31440
      -493.78485
      -571.06781
      -752.13914
      -270.37101
      -64.394524
       4.6061455
      -29.113425
      -14.045683
       3.2109034
       1.7596469
       39.275846
       37.115074
       94.239284
       112.04155
       6.3424242
     -0.34147241
       77.067746
      -1.4940635
      -32.019650
       8.0472833
       28.562554
      -3.3251494
       1.4415929
      -2.6559846
      0.98731660
       18.368567
       15.853978
      -8.3229619
      -18.853416
      -10.464760
      0.16458567
      -1.9317895
       2.1448634
       9.0816887
       12.697159
       2.4721755
      -12.069069
       5.3893331
     0.065259388
      -40.465840
      -12.476515
       312.71776
       69.024756
       76.738180
      -5.2961283
       30.784212
      -71.956013
      0.23957565
       37.435437
       219.50641
       54.177480
      0.54010372
      -18.244626
      -13.289009
       2.2186954
       29.107279
       16.039600
       7.4850450
      -2.9706955
      -13.320869
      -10.410817
      -9.8134951
      -6.1833310
       6.8271566
      -4.4053480
      -3.6803998
      -3.4382334
      0.26234375
       2.4635603
     -0.15035330
       1.7158532
      0.38351165
      0.47307919
    0.0010851737
       1.2363528
     -0.39512952
       23.355699
     -0.52498910
       1.2470622
     -0.57667015
       3.8889309
       1.6371939
      0.49566980
       2.1665556
       8.9101513
     -0.17538671
      -9.6418269
      -9.5688560
       10.682770
       10.585609
       9.3271315
       2.9190438
      -15.481721
      -16.601859
      -15.557097
      -6.0988791
      -7.1875420
      0.61233002
       11.451393
       29.989658
       3.5529328
       6.4307401
       80.141491
     -0.63276447
      -18.301344
       9.1665669
       32.121045
       12.870020
      0.70008023
       3.2746692
      -8.4757361
      -3.1725615
      0.46521313
       1.5660456
      -1.0005512
       3.7661872
     -0.65304396
     -0.79109784
      0.54085011
     -0.35215266
       9.4313922
      -7.4936071
      -10.998732
       23.752981
      -8.9350722
       3.7620318
       5.8024892
       15.723949
       8.7767280
       2.1248250
       3.9107222
      0.35731704
       3.4077306
       2.5478810
     -0.17756053
       6.1668238
       10.940166
      0.94358799
      0.85412919
      -5.4247707
      -13.175151
      -27.692929
      -4.9138134
       13.783580
       7.6303398
      -1.4475558
      -1.9860619
      -7.0896850
      -3.4291556
      -1.2356598
       1.1321268
       2.1256916
       1.0206147
     -0.91767986
      -2.8397215
      -3.0381503
      -4.3777286
       1.3642940
      -2.8294485
      -2.6849860
      -1.0984609
       1.9327867
      0.83789226
      -1.0250721
      -1.5402805
     -0.33436088
      0.10262059
    0.0049961302
     -0.28509499
      0.78977217
   -0.0073673550
      0.36658742
    -0.027473806
       3.0374669
       1.8433551
       1.2532150
     0.088485878
    -0.022053723
     0.036216261
     -0.25556758
      -3.5091363
      -3.2281954
       2.6046464
      0.55954106
      0.26215506
       9.7034251
       6.8185493
       10.104275
      -2.0658912
       5.5060417
      -7.6544038
      -5.1123545
      -2.9650240
       1.7239845
      -1.0007249
     -0.35273903
       1.2514917
      -18.839955
       1.6885303
      -4.6940199
      -24.575376
    -0.096419868
       11.407457
       2.6596408
       10.657647
       11.275906
       2.5452033
       1.6990568
       5.5911273
      0.45541101
      -4.7621385
       1.0337855
     -0.50725667
      -3.1984457
      -5.0284533
     0.093441225
       11.368655
       5.3662485
     -0.46767838
     -0.79054606
    -0.068428504
      0.56560665
      0.22199652
      -2.2939176
     -0.44210628
      -1.6171804
     -0.15557169
    0.0025717988
     -0.55060835
     -0.73595546
      0.76619206
      -5.7203365
      -1.9857131
       2.1376919
      -2.3122900
       12.899861
       20.260354
      0.25450812
     -0.24939945
     -0.68824082
     -0.13971518
     -0.66624669
      0.16500415
      0.83653830
       3.2910361
       2.8050182
       4.7004079
       13.156379
       5.3919614
      -1.6770501
      -9.0566808
      -6.5652171
      -1.4343525
       16.414062
       13.991526
      -7.0703882
      0.10133541
     -0.24196837
       9.3236190
       7.3626535
       15.486282
       10.329251
       5.8434904
       7.2193751
       3.0126293
       1.6985596
       2.1467591
       8.9075703
       3.2970837
      0.55941138
      0.79633083
       1.3606449
       5.0497809
       2.9479071
     -0.35134303
     -0.63386738
      0.12381894
    -0.045968240
      -1.5424634
      -9.8716058
      -16.430390
      -14.218687
       8.0485750
       16.555157
       1.1476547
       3.2874113
       4.6160221
       7.0061090
       2.4935667
      0.56705003
     -0.15193565
       8.1935956
      0.38441810
       1.1769345
     -0.67768868
     -0.38639639
       7.1888471
       3.3320289
     -0.99997016
     -0.62125887
       1.7971018
      -9.9823534
       1.9428363
       7.9392569
       11.924626
       7.0957812
      -1.1409344
       8.8702022
      0.80664825
     -0.27288893
      -3.5636457
      -1.3094503
      -1.1736658
      -7.7717638
      -23.456622
      -13.131643
     -0.77551440
      -2.2055866
      -1.6650968
      -3.1191905
      -8.3207527
      -3.0429799
       2.5783982
       2.3810517
      -1.9697940
      -3.3165514
      -2.1923993
       5.0489356
      -3.5332760
      -6.3635571
      -2.0925961
     -0.66227402
     -0.45963996
      0.70843223
      -1.2983384
      -3.2391315
     -0.76482949
      0.90232526
       2.6514930
       1.2072889
     -0.38295741
      0.88662171
       1.0319127
     -0.15556968
       2.1157891
       35.867252
       5.4950298
       6.2099048
       3.0493692
       3.9937334
      0.54173282
     -0.16546923
     0.085693316
      0.30696147
       8.2018571
      0.89736863
       2.3206507
       5.5984656
       8.1524616
       16.672770
       34.982882
       2.9856183
       3.6485415
       6.9396017
       23.189612
      -1.6740726
       1.0233024
       2.9296069
       36.731990
       12.437387
     -0.52726470
      -1.7649226
       7.4075032
       2.9311192
       1.5331469
      -4.1780001
     -0.16898876
      0.29175491
       9.8641794
       15.172133
       3.7602822
    -0.018425940
       3.9622789
       9.5205163
       5.3355188
     -0.16444058
       3.2141665
       3.8021461
       2.7204667
       1.0936930
      0.25080914
  -0.00049679888
     -0.13102735
     0.084452159
       3.2731685
       33.160357
       1.4496300
       3.1615382
      -4.9291871
      -2.1103525
     -0.88510866
     -0.22043992
       3.0488438
       1.5313280
     0.070938026
      -3.7382814
     0.079129665
      0.38535993
       14.280545
       29.547424
      -8.6964186
       10.256122
       8.8948252
      -1.3085016
     0.024834950
      0.16958343
     0.059923053
      -3.4650689
      -14.031355
      -12.877712
       9.8394989
       2.1186358
     -0.18300099
      0.15597955
      -1.0421888
      0.36931833
       8.4567109
       9.6890024
      -5.8447498
      -6.6569786
      -2.2196924
      -9.3011806
      -4.4861624
      -42.544531
       3.6355236
       9.7583625
       19.646522
       5.0645792
       7.6192238
       8.3465232
       12.464325
      -2.8149135
     -0.75635648
       47.638965
      -2.3974295
     -0.49445160
       23.969390
      0.99043508
    -0.037847845
      0.28751407
      0.37845330
     -0.64808463
      -2.0573635
     -0.90594497
      0.89579393
     -0.38479867
       3.9928495
      0.70463759
       2.9161153
      0.75390695
      0.50449492
       2.6964840
       2.3735126
       2.7356647
       3.5769719
       4.3502712
       4.7366912
      -1.0601076
      -5.6009122
      -9.2985452
       2.3915081
      0.98220302
     -0.22507556
      -1.6270146
      -5.7873999
    0.0017316372
      -2.0928231
     -0.58098492
      0.12883283
      0.33670235
       9.8755904
       8.3280596
       4.4769011
       5.4834265
       5.5079635
       6.3804307
       4.5688183
       2.8342922
      0.48509535
     -0.97331946
      -4.7194468
      -5.8410888
      -7.7849409
      -2.3580969
      -1.5027212
     -0.23715459
       2.1202969
       1.5522217
      -4.3304125
       6.8064758
       4.5580858
       3.4765342
       2.5377475
       2.4806663
      -6.9446107
      -3.8934052
      -2.2140900
      -3.0216961
      -2.7510705
      -4.2220373
      -3.6345801
     -0.34466387
      0.44158547
      0.96525452
       2.9972407
      -6.2514806
      -16.994203
      -2.1816419
     -0.63822641
       9.9532533
       18.248069
       31.631245
       7.8674863
      -20.350631
      -16.701779
      -32.822721
      -11.156314
       9.6080201
       2.9818778
       4.0887180
       6.8034442
       9.7974479
       14.247227
       14.247741
       22.732227
       7.9161280
       18.401564
      -1.9370728
      -2.2313028
       8.2025208
       5.5597286
       10.041231
       7.5960607
     -0.66515025
       4.4565533
     -0.11122299
     0.089355132
     0.097926834
     -0.83331784
      -1.0536340
      -1.7442244
     -0.16849321
      -3.5599490
     0.060560723
       7.0518674
       1.3922563
       4.7392789
       5.7481596
      -2.8908417
       100.20508
       558.23970
      -300.65131
      -369.75731
      -478.46311
      -585.54210
      -545.22278
      -496.15175
      -167.76468
      -126.99233
      -62.788036
      -7.5837812
      -5.6454401
      -3.4349938
       3.7518178
       14.827122
       1.0845987
       1.0076330
      0.79851683
      -5.4677232
      -2.5245440
      -2.2573406
      0.68118173
      -41.870605
      -29.179211
      -4.9461036
      -1.3937571
       32.399761
       14.888369
      -1.1165437
       1.4180358
      -2.5191055
       11.765681
       23.224461
       2.1246659
       39.522284
      -19.289337
       13.163401
       24.489879
       96.101445
       8.6484358
       302.59481
       334.22897
       145.33263
       14.534591
      -4.1698864
      -16.284729
       54.881511
       24.499669
       1.8372267
       6.7950687
       36.559408
       56.818934
       31.746567
       15.351529
       454.39460
       3.1557797
      -128.58582
      -315.53847
      -406.63540
      -865.11687
      -838.83989
      -215.23630
      -68.830905
      -54.258027
      -37.701735
      -37.598432
      -30.564809
       3.0677595
      -3.8942605
      -2.6097279
       3.2687750
       8.8175538
       2.8372675
      -5.1315479
     -0.82208413
      -5.1289933
      -2.2522516
      -3.6877571
      -8.8577980
      -8.5390156
      -1.4466684
       41.553360
       20.654574
       93.905974
       52.719846
       2.5296904
     -0.79542427
      -2.1553701
       16.088988
      0.56280110
       1.5345961
       12.655064
      -3.0965473
      -6.8758865
      -9.5885413
       8.5794214
      0.30616048
      0.96984613
      -1.8002210
       1.1424091
      0.99832492
       4.8457435
      0.75060997
      -4.3350876
      -29.536844
       35.714953
       68.050539
      -27.097116
       8.4673483
       22.233564
      -1.2130576
      -36.834293
       70.496433
       82.979216
      -15.824151
      -71.358758
      0.51511583
       251.34768
       127.40295
       15.382616
      -2.2832365
      -15.775774
       39.407635
       39.898099
      -21.974274
       18.739042
       27.005503
       43.351890
       72.677225
     -0.62437181
       533.45318
       316.31907
      -3.5799789
       292.20362
       7.4130122
       6.8855904
       80.183152
       3.4697748
       5.1515310
       39.451697
       4.5009388
       13.311982
      -4.8674831
     0.083940711
       5.6241902
      0.92302270
       7.3448974
       23.346883
       3.3368441
      -23.410956
      -13.368267
      -31.128832
       8.3405839
      -14.218128
     -0.31877062
       10.917877
       15.002257
       13.611742
       19.084562
       7.1344827
      -5.1455479
      -18.238792
      -27.234763
      -2.7435961
      -4.4766800
     -0.71110528
      -1.0662906
      0.15130998
     -0.69149887
      -9.2368453
      -21.307515
      -17.062607
      -2.5887751
       5.1189348
     0.028810991
     0.090766707
       6.8478420
       8.8990778
       19.907528
       8.6710521
      -4.8111824
      -1.9758076
      -67.881031
      -42.210383
       29.621829
       70.926590
       187.17878
       96.584866
      -5.7113274
      -4.4393044
       30.012114
       36.706051
       29.123589
       21.156224
       2.0470018
       76.043864
       4.4428805
      -12.839202
      -2.4619938
      -48.387794
      -5.2545268
      -31.463420
      -28.779852
      -17.155556
      -8.0043464
      -5.8722205
      -5.4202177
      -12.920304
      -14.265091
      -15.464558
      -5.1236166
      -3.8388106
      -2.6607922
      -15.943860
      -15.080721
      -10.148166
      -6.2132737
      -4.1268969
      -4.2755977
      -3.3962720
      -4.2684513
      -3.1464095
     -0.42646375
       5.3501628
     -0.30801704
      -1.0625551
     -0.92405973
     -0.19936255
      0.44809880
       3.3071671
      0.15975573
     -0.30728931
      -3.1058937
      -7.7351774
      -9.7760474
      -4.3585084
     0.084956260
       1.5180796
       1.6755455
       11.602781
      -1.2822435
      -1.8364272
       21.974548
       9.7824026
       3.6550989
       2.2606700
       13.153384
       17.557254
       5.2488019
      -15.485437
      -8.8887934
      -27.941188
      -34.603473
      -5.5037316
      -3.5391413
       8.7121764
       5.1765635
       24.914835
       13.184507
       12.399144
       11.625902
       2.4082515
       13.113634
       5.3016754
      -5.7838088
       2.0814929
     -0.32989096
     0.044259455
       3.2552776
       5.3556318
      -2.0229435
     0.028999307
      -2.6500864
       18.819030
       11.417699
       3.9101118
      -2.1326480
       1.7272791
      0.38868488
     0.034017000
      0.70397703
     -0.59508622
       9.0442381
      -4.6873435
      -28.206269
      -2.9407279
      -1.7395316
     -0.83141811
      0.81613316
      0.50206664
      0.88718220
     -0.96214301
      -2.3270294
     -0.85128329
      0.46150051
     -0.89223098
       2.7615964
       3.0021238
      -2.0599543
      -4.0011433
      -9.6446640
       23.228576
       2.1201591
       5.3964987
      -6.0541879
      -7.8588556
       1.8222940
      -2.4998370
      0.22793888
      -1.9345330
      -1.4243650
     -0.19082585
      0.32347103
      0.90436077
     0.079864550
      0.52107035
      0.16753548
       18.840241
       3.3552980
      0.86548313
      0.15280816
       2.4089556
       5.0140008
       1.9436812
      -4.0982881
       1.0175901
    -0.052163398
      -3.0626358
      -2.7549831
       2.1949202
      0.59128577
     -0.28026782
       4.0276297
       3.1889619
      -1.3127312
      0.15757032
       9.2270251
       10.151320
       10.091641
       6.7633735
     -0.32728974
     -0.11986308
      0.65705771
     0.099834200
     -0.64137653
      -6.2307583
      -3.0397691
       11.830060
       7.5042272
       23.519438
       52.436023
       75.432652
       33.752921
       21.325450
       25.073037
       5.6842182
     -0.20785574
       4.7846094
      0.33408694
      -3.3867282
       11.814262
       6.7113305
      -25.622025
      -5.5909357
      0.20348204
      0.97077172
       10.558018
       4.9950026
      -1.6250446
       4.5367496
       1.6783949
      0.53815433
     -0.96781069
       2.5156413
     -0.35261004
       4.8748601
       3.7177171
      0.69438528
     -0.88731930
     -0.44810335
      -5.7018394
     -0.31359286
  -0.00088085105
       1.3524480
     -0.20442640
       4.3088921
     -0.95073073
      -1.6650665
      0.20903415
      -1.1086508
     -0.42374154
       5.1338710
       2.3116157
      -1.3551183
     -0.75380097
     0.045376203
       1.8971514
       1.4720910
    -0.036015297
      0.96166626
    -0.028685931
       1.9842400
       7.8692926
       2.0395417
       1.2049568
      -7.4450093
      -3.5432538
       1.3979748
       3.8854377
      -6.9932191
       9.2154810
      -4.7249303
    -0.023369255
     -0.43220432
      -6.8455558
      -7.5701831
       6.3404290
       2.3269992
     -0.52728030
       1.6369803
      0.87634662
       8.2261977
     -0.32472314
