     -0.38938982
     -0.51445658
       57.377009
      -21.412796
      -10.663400
      -11.589882
      -13.174929
    -0.035370611
       42.348272
       146.82775
       78.046430
       19.065061
      0.90807552
      -14.835602
       6.6235353
      -48.066192
      -41.113931
      -81.950235
      -162.47427
      -119.79239
      -44.712850
      -8.3844038
      -27.023196
       95.077255
       42.868989
      -4.0751176
      0.99000073
       22.515035
       44.459645
       27.105945
      -16.691306
     -0.69332718
       3.0243222
      -50.596246
      -44.206455
      -86.653170
      -60.325563
      -51.425013
      -3.3347952
      -52.738723
      -30.162227
      -2.9724963
       16.668078
       11.643473
       9.4002327
      -5.6773176
      -10.424518
      0.36362949
      -3.1842127
      -17.152349
      -25.166187
      -7.5929943
      0.86494881
      -3.0103851
   -0.0060961324
      -9.5021513
      -4.2555575
       18.987233
       9.7970796
       8.1934737
       3.1012054
       9.7313411
       9.9185960
       24.487550
      -2.8588291
      -68.871030
      -35.501871
      -42.495495
      -79.644306
      -25.797714
       2.1174317
      -14.842440
       35.725696
      -6.0015193
      0.28997637
      -1.9007322
      -81.831351
       5.0688698
      -20.257082
      -32.323204
      -2.6454208
      -11.300769
      -25.932653
      -12.605409
      0.35323480
      -2.8487991
      0.12349107
      -62.020444
      -8.1820230
      -9.6092078
      -55.097065
      -34.143944
       8.7992414
       1.7834722
      -1.1067545
      -24.087562
       4.4235289
     -0.84284271
     -0.82350796
     -0.19402781
      -12.986296
       18.692854
       26.509134
      -32.630742
      -9.3938851
      0.54708538
      -1.4015225
      -2.4539846
       48.700329
       128.98759
       24.680576
       148.81541
       14.678575
      -24.919350
      -31.531935
      -3.2900467
      -33.002791
      -19.368623
      -78.782070
      -120.83726
      -130.42929
      -129.47491
      -52.799932
      -23.046764
       3.0450129
     0.029329700
       8.6769564
       97.431710
       59.514941
       32.431694
      -14.564110
       8.1558603
       14.864100
       22.293169
       7.3578443
      -21.934490
      -1.6067053
      -58.933227
      -55.689247
      -156.94087
      -89.837863
      -58.088159
      -2.8141039
      -45.691309
      -46.894722
     -0.17722016
       42.857225
       39.812789
      0.75965177
       7.3013642
       7.7159834
       1.9756790
      -1.1320449
       1.8431990
      0.23321868
       2.3838125
      -110.92242
       1.8647634
      -1.4458616
      -35.117814
       1.1754972
      -6.8823246
      -1.6883056
       13.100853
       8.2092505
      -6.7216653
      -8.9053213
      -12.084850
     0.084132993
      -1.8561255
     -0.59875587
      -50.680541
      -21.707638
      -22.566337
      -58.343746
      -56.759559
      -56.194514
       4.7836705
      0.59239947
      -14.965218
       2.9525622
     -0.44115233
      -3.2315765
      -29.978609
      -11.878981
      -6.5572476
       75.931228
      -21.533340
      -5.9168847
       3.0120663
      -2.2630711
       9.0773413
       15.426985
       101.71140
       37.567891
       22.462971
      -25.997224
      -35.829726
      -11.425530
      -43.939175
      -16.714547
      -37.028831
      -111.52211
      -119.71768
      -134.46591
      -70.974864
      -116.90688
       6.4375578
      0.73589167
      -15.426457
       4.2700393
       91.120224
       62.176334
       40.282983
      -13.287819
       2.4532956
       19.292041
       24.017603
      -21.563878
       2.8340712
      -64.890664
      -119.08448
      -125.37789
      -50.298982
      -1.0394537
      -8.1363754
      -87.627366
      -1.4857995
       1.5955499
      -1.0866826
       1.2147633
      0.75730637
      0.59939170
      -20.057053
      -7.4577615
       2.2671468
      0.75608809
      -2.2899968
       4.5178426
      -5.1255486
      -16.975018
      0.13101939
       10.995507
      -5.0795822
      0.16370545
       1.4396400
      -2.3372365
       6.8963065
      -3.5931947
       3.9750480
      -4.4710909
       1.0951488
       3.7036593
       6.2143476
       10.558509
       4.6579819
     0.067787184
      -1.3188851
      -4.9520617
      -3.9193174
   -0.0023457877
      -1.4647338
      -2.7825817
       1.4595987
      -30.319753
     -0.24660724
      -5.1928715
      -8.1515560
       6.5262140
       12.933698
      -29.202538
      -19.903622
      -2.4358664
      -1.5080618
      -3.9280381
      -51.683227
      -38.191968
       8.7957864
      -27.568149
      -63.363421
      -51.072426
      -33.467219
      -10.969424
      -16.699291
      -17.701916
   -0.0042036383
      -2.9354398
      0.77275782
      -1.0074026
      -2.8039577
      -19.164990
      -34.800516
       97.780001
       8.6563130
      -8.5572669
     -0.24440737
     -0.59304325
       37.601661
       38.907136
       34.677309
      -8.8737508
       15.584367
      -36.098611
      -24.218571
      -6.1716915
      -3.3873410
      -2.4414446
     -0.17603809
    -0.059738899
     -0.89526296
      -11.421337
      -2.5221317
       19.618069
      -16.965664
     0.053139258
       3.3129636
      -20.155547
      -18.222689
      -2.0472031
      -4.0948366
      -14.552118
      -31.123716
       8.3026280
     -0.62007742
      -6.6750834
     -0.45476922
       3.6685549
      -1.4941675
      -1.8071677
      0.19606711
     -0.44577527
      -1.3406983
     -0.12544199
     -0.24353552
      0.84629535
       3.0566414
     -0.13511528
      -46.639656
      0.94831025
      -12.913140
      -21.324322
     -0.70588050
       2.6803447
      -4.5275403
       5.1772015
       5.0861489
       3.9782736
      -22.576626
      -16.066103
      -25.408602
      -24.308806
       15.123506
       6.7614745
       15.865498
       3.8401919
       3.5176786
      -8.7594034
      -123.54524
      -46.972225
       48.305002
       25.603083
       2.5597464
       3.6975320
     -0.53252351
       13.726568
      -32.877152
      -50.157637
      -77.610511
       6.0256267
      -71.507149
       7.0028972
      -44.214279
      -32.419898
      -47.060384
      -74.927153
      -65.001355
      -66.687303
      -88.744531
      -8.7639296
      -16.822814
      0.48870432
      -1.1182775
      -4.2606576
      -13.990415
      -1.5249742
      -17.288658
      -30.835923
      -25.864648
      -6.7907936
      -3.8662933
      -3.8917125
      -6.9835084
      -3.0324208
      -8.7379950
      -6.0598128
       9.7172633
       5.4306152
       1.0543907
      -69.209884
      -5.1068623
       10.095430
       14.668747
       2.2848598
       7.9604253
      0.49653190
      -8.8301336
       19.318145
       18.008901
      -14.146088
      -6.8469356
     -0.95793137
      -10.993120
      -1.6764828
       7.1588236
       7.5402652
       7.1633379
       2.7265134
      0.82948007
      -4.5370526
      -3.6707986
      -5.8779771
      -6.6598549
      -62.161038
      -31.977232
      -2.7052457
      0.45680929
      -7.7310521
      -41.225498
      -19.903851
       3.6551830
      -12.608687
     -0.60299164
       10.546401
      -13.480884
      -1.4228353
       5.8637617
      -4.3827866
      -2.4635114
       1.8832582
      0.84230312
       20.803788
      -21.019484
       30.847042
      -9.8533005
      -21.420037
      -44.836824
      -131.35447
      -90.645955
      -92.263513
      -73.811871
      -71.345890
     -0.58877420
     -0.66001398
      -7.4462521
      -12.668063
      -33.391856
      -26.336350
      -6.8993546
       21.953368
       3.3567106
       5.4316036
      -32.407602
      -6.4112934
       7.0956362
      -1.6247090
     -0.26132906
      -1.3771310
      -1.6677007
      -9.7805643
   -0.0060103424
      -5.7708511
      -4.2924619
       22.733109
      -62.455514
      -8.0509903
     0.073425896
       2.2824781
       9.5349304
      -6.7232030
      -8.5135356
      -9.5439162
       23.528508
       22.125840
      -37.594874
      -1.6244147
      -14.332501
      -5.9129711
     -0.81996926
      -1.5363950
      -1.0502421
       1.0478562
     -0.94601750
     -0.56992805
      -8.3361391
      -2.4480847
      0.45933592
      -2.0317218
       1.6654469
      -12.571614
    -0.028592603
      -11.896897
       11.526902
      -31.437141
       23.535003
      -20.951969
      -38.535112
      -7.8864864
      -18.535633
      -32.199634
      -38.242293
      -57.849759
    -0.041386752
     -0.90428107
       37.037318
      -1.2550987
      -1.0432646
       1.0859989
      -4.0657342
      -123.66113
      -33.838575
      -25.391746
       4.7046206
      0.29688610
      -1.1885453
      -2.6510544
      -6.0606846
     0.079584982
     -0.43557537
      -7.7662104
      -26.168555
      -26.401999
      -7.1920611
      -3.4490757
      -8.6530389
      -17.989725
      -11.124113
     -0.12188934
     -0.70081787
     0.036427270
       23.680651
       43.476077
      -27.438358
       40.927317
      -49.135554
      -6.7291410
      -29.978878
      -84.516849
      -80.472370
      -71.481790
      -81.768877
      0.45867164
      -13.430329
     -0.50306020
      0.36764839
      -9.5339092
      -20.192173
       2.2364921
      -2.7012232
      -6.2508521
      -5.7944822
       3.1550631
      -4.4039116
      -25.470833
      -25.552654
      -12.272665
      -1.2294052
     -0.80671062
     -0.12581416
      -1.0375148
    -0.024307173
      -5.7469656
      0.63323528
       9.4261588
      -66.806428
     -0.92056731
      -8.0165179
      -47.704299
      -135.27454
     -0.86317864
      -7.8409623
      -23.552495
      -10.641417
      -1.1913492
       9.8251016
    -0.031147295
      -3.0939629
     -0.69039995
      -17.486206
      -129.59107
      -20.741627
      -28.102007
     -0.40321768
      -5.5090992
      -2.1644654
      -7.1404597
      -20.315018
      -4.1565606
       2.0028400
       1.9649405
      -16.217031
      -13.266053
      -33.930644
      -15.620827
      -7.8186765
      -1.3213374
     0.065160435
      -15.259006
      -1.4735268
       19.560637
       36.997274
      -72.658978
       39.071231
      -17.688576
       12.351175
      -22.375002
      -62.416278
      -88.046636
      -45.476568
      -49.996089
      -41.881502
       11.831190
      -5.0637001
      -14.064656
   -0.0029453681
       1.1363450
      -3.4722847
      -8.6396047
       1.5814538
      -15.909739
      -21.814126
      -15.204812
       8.8340058
      -5.6238941
      -5.0701294
      -13.626722
      -5.4799697
      -4.9631760
     -0.92265890
      -2.3409334
      -7.1631579
       11.512629
      -40.119641
       8.8854687
      -73.509440
      -144.78550
      -127.08488
      -126.65048
       5.7637699
      -12.117194
      -2.8405214
      -41.493958
       34.131873
       41.107008
       38.481474
       22.053524
       24.577492
       36.021379
       65.779013
       82.267077
       19.221115
      -24.263136
      -84.370101
      -61.033095
      -6.2677416
       10.007515
      -16.865061
      -117.76330
      -13.957248
      -13.598635
      -6.2881681
      -5.6613963
      -1.5542044
       1.0074395
       1.0035061
       10.353964
      -1.3907406
      0.65276648
    -0.085138840
      -1.4590235
     -0.34790236
      -30.230847
      -2.6790247
      -1.2613862
      0.62612699
      -1.0302086
     -0.54226427
      -1.0946940
       3.7807533
     -0.29868370
     -0.75965829
      -30.835854
      -47.490059
      -7.5759856
      -18.139912
      -23.085614
      -6.1152719
      -3.8054860
       22.995193
       34.750296
       50.918967
      -33.006069
       47.977721
      -97.878674
      -81.301406
      -110.33830
      -134.42557
       657.82817
       498.61693
       99.666514
       103.60777
      -45.163428
       3.5105781
      -87.492646
      -143.45818
      -1.9070377
      -37.099610
      -127.60553
       19.672738
       10.522929
       15.544085
     -0.45970244
      -4.9525465
       6.5349607
       6.8417421
       13.074243
      -3.9242213
      -58.041558
      -58.943890
      -2.2627569
      -2.5848113
      -6.0397542
       4.0042768
       2.7320743
      -2.0957357
       8.6958675
      -2.1794657
      -59.376050
      -36.757435
      -3.0774272
      -21.537456
      -63.034904
      -7.6115485
      -20.596623
      -12.031243
      0.72443909
      -32.468271
      -41.863086
      -34.288184
     -0.26070746
      -5.3692525
      -16.711013
      -1.7071299
       1.2244017
      -3.1040793
     -0.49074920
      -2.2704975
      -14.966473
      -5.1470893
      -1.4834687
     -0.34021468
       5.7699120
      -2.3892645
      -3.3852080
       3.9503033
       18.971975
       2.6024438
      0.27052609
      -97.421401
      -126.90241
      -108.27103
      -98.562002
      -129.95214
      0.13915815
      -9.6828424
      -9.8462755
      -65.874926
       10.280051
       6.0011262
       19.588320
    -0.041288609
       23.252579
       57.367324
       54.091053
       13.078025
      -75.113675
      -39.589139
       9.5603641
      -7.8195534
      -94.362060
      0.30836719
      -2.6019119
     -0.65386695
      -9.1793055
      -6.2611958
      -1.3875101
       10.210120
     -0.54125290
      0.18752309
     -0.84665851
      -8.1927875
      -3.7853215
      -8.1392503
      0.69897779
      -11.877720
      -11.079719
      -2.0722827
      -5.2207870
      -2.0777831
       3.5752333
       1.7301828
       4.0612238
      -8.1703998
      -28.044531
      -11.911870
      -9.4530379
      -9.6265570
       2.1284785
      -18.787802
      -20.222986
       14.917550
       38.536052
      -80.295623
      -54.126555
      -66.075341
      -4.1162387
      0.11434758
       1.6267692
      -2.5661020
      -39.922565
      -9.8620422
      -1.7521911
       7.2947498
       10.305551
      -50.779650
      -207.72971
    0.0024941010
      -5.8901832
       137.99676
       258.10523
       235.62480
       61.831268
      -94.975586
      -214.10391
      -374.75249
      -321.17647
      -345.04256
      -231.78645
      -84.937963
       7.6578294
       34.064839
       7.7424400
      -36.746426
      -95.003756
      -112.60750
      -71.831933
      -154.64274
       15.015700
      -28.763971
      -6.5687752
       19.710831
       41.918541
       31.850363
       24.634951
       8.7278117
      -59.829902
       36.334317
       31.521531
      -21.315044
      -78.385837
      -85.957638
      -54.785205
      -22.703205
      -4.0624388
      -61.336616
       7.6439785
      -4.2066846
      -1.5697917
     -0.95170009
       14.267622
       1.6098804
      0.36659635
    -0.049580636
       5.9394760
       2.0592170
       11.052973
      -3.3888800
      -1.8239739
       16.781369
      -24.826935
      0.65680075
      0.74063817
      -366.45839
      -223.97981
      -212.23926
       4.9158469
      -1.1250398
       229.04419
       214.01319
       195.02984
      -34.705064
      -188.47124
      -252.72432
      -286.82468
      -418.11994
      -231.57729
      -66.255233
      0.30763218
       8.0738726
      -1.3698313
      -82.018271
      -87.916087
      -88.318539
      -49.998025
      -127.12212
      0.31155752
      -74.183641
      -1.4600636
      -54.347321
       4.9103141
       27.709109
       9.7746944
      -1.1918868
      -10.716907
       46.824481
       59.400396
       24.796536
      -6.6216376
      -57.631918
      -67.325909
      -20.502037
       22.227740
       2.5888006
      -29.445905
       22.684683
      0.13625721
    -0.081524498
      -1.2446348
      -7.5934459
      -11.952535
       13.268306
      -1.3725873
     -0.32413723
      -28.298434
      -9.0524065
      -5.8239753
      -19.470751
      -15.238974
      -18.908994
      -64.492992
      -110.57390
      -105.61251
      -14.384915
      -87.039214
      -144.88018
      -6.9816395
      -14.444856
      -11.394230
      -9.5399011
      -17.719222
      -8.5656578
      -6.5307588
      -3.2769297
      -21.765314
      -5.9766750
      -1.7138261
       18.267644
      -100.61557
       5.8823609
      -14.457205
       10.909477
       186.67714
      -63.737072
      -24.940394
      -118.12807
      -180.87858
      -279.51692
      -348.96152
      -294.27262
      -411.81103
      -266.04936
       5.0942986
       1.1546555
      -196.47153
      -168.36582
      -179.47558
       6.1889552
      -1.1335855
      -2.6337391
       14.552528
      -31.379086
      -1.5527652
       5.2185640
      -121.98243
      -111.88848
      -17.726702
      -92.147830
      -19.948657
      -11.110233
      -11.187164
      -12.682059
      -12.759836
      -19.276854
       2.4255213
      -8.0266098
      -2.8716449
      -34.689818
       16.014199
      -315.73261
       8.9587428
     0.089506967
      -12.416558
       165.92339
      -91.092058
      -102.94931
      -124.56749
      -376.60855
      -272.17348
      -367.33350
      -295.33576
      -400.19308
      -388.41611
      -305.15285
      -242.07361
      -33.352538
      -174.92307
       39.249372
       54.116653
       51.817555
       6.7505490
      -48.477385
      -54.535812
      -23.207419
      -25.589158
      -25.478035
      -73.598695
      -102.39160
      -181.94413
      -181.43366
      -124.62875
      -8.2543048
       7.3429512
       12.719922
       1.5667716
      -67.339729
      -7.3739530
       11.250989
       22.076536
       5.9576769
       18.758226
       27.519317
       10.408421
       7.0697812
      -8.7329247
       2.7728434
     -0.22049494
      -21.920947
      -25.071985
      -32.199515
      -12.117297
      -20.608098
      -16.591196
      -14.506657
      -10.156977
      -36.999062
      -200.51311
      -14.913181
      -80.296339
      -24.322486
      -9.4205246
      -5.9984427
      -14.957178
      -11.254934
      -8.3892790
      -11.718792
       4.9921762
    -0.012363684
      -4.6487521
     -0.54168226
      -1.1449363
      -23.637766
     -0.92376644
       10.437041
       10.292758
      -67.861295
      -2.1782737
       29.479649
       37.649013
       34.892670
       64.553663
       16.867815
      -17.601215
      -18.140333
      -32.404865
      -43.500574
      -26.507770
      -33.973103
      -65.599693
      -104.44287
      -94.704449
      -110.24848
      -56.684146
      -14.813055
      -7.1531795
      0.79747682
       4.2094197
       2.8672955
      -38.321441
      -14.764761
       11.193324
       14.730666
       7.4188416
       9.5357714
       21.250677
       17.282707
       7.4864728
      -5.2553621
      0.55908450
       4.4163351
      -15.948295
      -19.687712
      -34.236090
     -0.19169408
      -11.628058
      -3.4030576
      -10.081339
      -4.7631366
      -12.277945
      -175.53076
      -52.732752
      -86.893490
      -77.108714
      -72.232120
      -27.752213
      -26.755665
      -19.830271
      -19.389586
      -22.041023
      -18.536151
      -19.219227
      -30.773209
      -9.0291560
       2.0595130
      -3.8967050
      -16.546353
       28.083987
      -32.338187
      -5.2482070
       17.451902
      -28.758882
      -29.962029
      -66.283052
      -93.612602
      -67.019893
       13.746705
     -0.45164179
      0.55909290
       7.8299079
       12.601024
     -0.69819385
     -0.52441733
      0.35653422
       185.94633
       126.30982
       5.8840347
       6.2488332
       7.9886735
      0.40938978
      0.49159816
      -7.7617425
       12.341525
       45.057477
     -0.52991495
       75.144877
      -4.0858895
      -4.2783449
      -55.813281
      -52.917127
      -6.9261123
      -71.399702
      -96.739602
      -48.400943
      -100.76657
      -170.86387
      -64.395186
       4.6222450
       9.2698689
       6.2052780
      -35.648612
      -24.806634
       5.2654675
       22.390419
       11.455159
      -5.3354500
       6.1184202
       21.276129
       3.2729084
      -9.8147093
      -12.802347
       1.0327784
      -157.14641
      -97.045721
      -7.6044383
      -15.924171
      -5.9574080
      -3.0597940
      -31.558135
      -70.465001
      -50.174607
       3.6491302
      -5.0650850
      -35.974876
      -44.169033
      -35.226406
      -11.961112
       20.419869
       3.8330687
       1.6596382
       14.441609
       17.157113
      -1.0336022
      -10.909920
      -12.919624
      -2.2179039
       80.906926
     0.020357619
       1.8618508
      -10.370120
    -0.094639112
       1.0574589
      -1.6584136
      -18.688282
       11.647314
       44.103533
       39.487906
       14.043383
      -4.5626785
      -37.265588
      -60.453166
      -54.041142
      -45.784813
      -92.049179
      -67.960874
       3.4474581
      -7.1747895
    -0.058884175
      -28.398544
       8.0212652
       9.4422480
       6.5508218
      0.39553663
       19.049326
       3.7370242
      -7.1458606
      -11.270086
      -4.9358136
      -61.005434
      -46.103067
      -5.9747992
      -6.1168644
      -14.603321
     -0.39635863
      -13.360710
       1.9317049
       17.722421
      -38.700502
      -13.405421
      -5.4888722
      0.61367371
      -9.8934981
      -7.0729454
       6.4334559
      -9.0940961
      0.46128407
       9.9930980
      -198.77602
      -62.793904
     -0.98061225
       2.6395152
       1.1881489
    0.0020957342
      -22.489477
      -30.964668
      -58.648855
      -18.937211
      -6.2571707
      -45.324316
      -81.183704
       10.408683
       3.9938830
      0.26385513
      0.93311702
      -53.365672
      -44.044276
      -45.264571
      -84.532293
      -68.587699
      -58.733167
      -21.947331
      0.78032674
       17.960507
       2.6493639
       12.741402
      -9.5079624
      -11.903000
      -8.3737036
      -14.942755
       162.45720
      -7.1268067
       6.9956972
       53.373235
       16.584584
      -18.352681
       4.9069518
      0.27997061
      -10.508312
       11.419785
       34.068838
       1.1358312
      -110.13289
      -55.814598
      -37.267894
      -75.706016
      -55.203818
       563.24289
       715.49287
       431.00784
       144.12776
       107.86050
      -56.657369
      -97.997785
      -153.68742
      -6.8176371
      -30.760820
      -13.678354
       14.125016
       26.602053
       15.739158
       36.387590
       9.1284880
       20.469413
      -6.3548106
      -47.335080
      -9.5404954
      -13.145376
      -10.731504
       1.4564072
    -0.047882213
       7.3224746
       1.8978109
      -56.507687
      -9.1462813
      -54.708759
      -54.069564
      -24.061574
      -15.797185
      -18.397880
      0.69244772
      -13.058732
      -30.179374
      -41.504432
      -1.2331239
      -15.532476
      -4.9254352
      -1.7153134
       3.3917726
     -0.15609898
      -18.021529
      -4.8946813
      -2.7040339
    -0.017661134
      -8.6582521
      -1.5460059
     -0.61271648
      -11.246823
       1.5539370
       2.2430102
      0.42975557
      -2.5466933
       6.7704282
       13.413968
       29.396764
       18.784234
      -23.864687
      -12.632082
      -5.4719060
      -2.2476056
      -1.1673202
      -5.3821585
      -5.3805934
      -7.9490866
      -14.756978
      -69.188547
      -90.819098
       3.3460144
     -0.53012226
      -20.864774
      -33.443262
      -58.710977
      -45.145644
      -9.0586212
      -23.165588
      -75.867919
      -1.0889058
       7.2338737
     -0.52433305
       2.9782763
      -57.229760
      -58.848100
      -40.302201
      -103.56730
      -76.402755
      -72.518940
      -19.912466
      -5.0927296
       27.339364
       4.4126835
       6.2003540
      -14.299592
      -8.4317079
      -12.295662
      -10.315462
      -14.196725
       154.14598
      -8.4007510
       2.7916368
       48.930688
      -21.278178
      -3.4719928
      -30.839277
       1.6934717
       55.965356
      -12.131469
      -26.478137
      -1.2598668
       12.490111
       1.3604376
     -0.72595504
      -13.261449
      -6.7465689
      0.26507467
     0.018470982
      -33.413274
     -0.28376865
       6.7014062
       18.252776
      -112.09303
      -63.369989
      -34.548881
       1.1365669
       1.9650287
       2.8308382
       7.7137456
       4.7075118
      -1.6701622
      -15.625547
      -20.916025
      -15.348477
       4.9480159
      -1.6549702
      0.61691988
    -0.099260209
      -2.9384405
      -6.4245053
       52.699869
       30.952584
      -14.113836
      -14.004810
      -1.1396859
      -17.815033
      -2.2445733
      0.43690456
      -15.718762
    -0.054876079
      -4.7762215
       7.9544588
      -160.44828
      -133.22576
     -0.35940991
      0.16692317
    -0.031392835
      -8.8087225
      -4.6560808
      -29.323530
      -34.803240
      -26.583253
       8.4116387
       1.2989201
      -13.476011
       3.8471049
      -7.9934369
       9.1676029
      -10.643681
      -56.106402
      -23.672895
      -41.289026
      -83.888629
      -73.727872
      -33.068441
       35.996166
       4.3092131
     -0.87299828
       3.8975923
      -45.623847
      -24.894004
      -6.8724536
      -5.8613771
      -12.805995
      0.39252898
      -22.218779
      -7.5072695
      -22.505309
       5.0297279
     -0.21437440
     -0.43842657
      -8.8593304
      -7.0277118
       6.0161889
      0.31393908
       1.5664424
      -3.9676769
     -0.11814166
      0.55862307
      -8.8308654
      -14.945292
      -101.94332
      -40.073158
       3.4830217
       6.0295743
       14.419628
       7.2642062
      -3.6049875
      -29.433750
      -23.351455
      -7.2051459
       1.6252441
    -0.010214085
     0.010258040
     -0.47077977
      -3.3668149
      -6.6883894
       61.454395
       58.687172
      -7.5207924
      -27.507398
       1.3884712
     0.062994979
       5.5594243
       30.947465
       2.8653989
      -1.0984997
      0.27387680
      -20.089487
       6.6013337
      -7.1298329
      -24.090177
     -0.41257552
    -0.042579954
       2.8025881
      -1.5445561
      -20.162828
      -29.186143
      -12.272323
       12.104237
      -44.758564
      -95.940557
      -44.990746
      0.22187491
      -4.9562010
       25.877010
      -45.858265
       2.8269364
      -76.168859
      -90.613034
      -54.806276
      -44.452313
       19.235525
       4.7433884
      -1.8667496
      -50.664070
      -16.311629
      -23.860963
      -9.6353338
       1.1896948
    -0.030950603
     -0.97856314
      -6.8657822
      -19.570365
      -14.047350
       4.6405348
      -9.0487764
       3.0729522
      0.97593457
      -10.084210
      -9.0374687
      -22.246021
       5.6160512
      -7.0374302
     -0.60921567
       6.0114884
       15.073476
       8.7305982
      -4.6460199
      -27.531412
      -3.4542345
       2.8806988
      0.70863421
      -4.7234233
       3.9674229
       2.9194149
      -6.2112013
      -13.410581
       9.9233185
     0.023692430
      0.80602408
      -8.5757369
      -23.409224
      -1.6085901
      -11.252459
      -16.763621
      -72.308956
      -43.057562
      -29.511712
       1.2444940
       11.625818
       22.303224
       14.990032
       12.777079
      -1.8524038
      -7.4690873
      -26.582400
      -18.614813
      -2.8671571
     -0.37753618
       6.9940498
     -0.39420656
      0.71109200
      -5.2149694
      -14.941878
       91.621107
       59.990257
       23.103055
      -53.188708
      -3.0006940
      -15.656918
      -26.940488
       38.721197
       26.444894
      -21.786822
       18.209238
      -9.5644850
      0.69018602
      -91.619436
      -24.633945
      -95.661242
      -44.524993
      -16.573435
      -16.643505
      -100.32353
      -63.850594
       1.0184590
      -1.2019539
      -11.673514
      -28.025769
      -6.1133282
       12.423234
       2.8068531
      -2.1957569
      -8.6829707
      -12.194288
      -16.554915
       17.790035
      -12.302625
      -2.5851853
       7.2448631
       21.370949
       13.113586
       17.177277
       22.307487
       2.4128545
      -43.426218
      -2.2325840
      -10.515231
       2.2731278
      -2.5898786
      -4.5793771
      0.76503671
      -5.3697813
      -3.4482709
      -39.658064
      -6.9132286
      -2.1043510
      -18.741903
      -52.311311
      -66.380482
      -11.381934
       13.501173
       24.844767
       22.181244
       11.278661
       3.7659129
     -0.32938677
      -11.210398
      -10.326572
      -16.642416
      -1.2744908
       10.984803
       7.6628283
      0.45708931
      -2.3370098
      -8.6612791
       28.207727
      -72.662202
      -11.774704
      -3.3081795
      -16.472846
       31.799221
     -0.14235537
      -5.3578454
      -22.936781
      -3.2799741
      -18.615378
       14.546027
      -3.2060473
      0.17091106
      -1.1039559
       8.2465537
      -15.423663
     -0.20165364
       21.545031
       29.762395
      -7.3975399
      -8.1578814
       4.0222579
       58.997875
       10.016005
      -43.357678
      -47.261271
      -78.450193
      -29.064905
       4.1225094
       4.2420775
      -5.2693831
      -3.5741834
      -2.8099301
      -13.844936
      -28.442788
      -43.336204
      -23.969721
       6.7314108
    -0.029652060
     -0.68919875
      -12.390496
      -29.918680
       20.287199
       7.7739304
      -6.1306630
       1.2608144
       27.452319
       50.939651
       37.904858
       4.7700202
      -3.3313942
      -16.642900
       11.423572
      -8.7899906
      -10.278259
      -11.779235
     -0.55026998
      -6.5646848
       9.5686211
       13.168020
      -13.790345
      -39.311700
      -154.31511
      -39.045606
       2.3181083
      -146.17373
       3.6498076
      -20.988455
      -41.719043
      -48.607461
      -34.831934
     -0.10301590
      -5.8004559
     -0.36028170
     -0.39242586
      -23.296841
      -4.1892623
       17.188074
       2.9241098
       1.9698252
      -3.8463497
      -24.857600
      -2.0884774
       18.304544
       24.257417
       8.6866626
       10.413870
      -4.3021261
       66.228386
       26.734563
      -43.334352
      -44.538941
      -77.263842
      -81.791395
      -42.503365
      -3.3310084
      -2.1592094
      -3.0236417
      -1.1794208
      -9.9351000
      -35.178998
      -42.037720
      -25.329928
       7.8706868
     -0.96523659
       1.3658198
      -3.8400893
      -16.419586
       22.712282
       6.5972244
      -10.826083
      -1.4993264
       18.862515
       40.987909
       15.574730
      -2.6335902
      -1.8562919
      -4.6484442
       17.199481
       1.1520321
      -13.414807
     -0.74159869
       3.7052936
      -4.6787542
       8.2432793
       12.735529
      -4.2224804
      -34.381088
      -136.84299
      -58.147167
      -13.691216
      -14.842494
      -26.393840
      -5.6449256
       23.519422
       47.122140
       50.533734
       51.432604
       47.800160
       48.602829
       2.4274773
      -19.343612
      -48.968731
      -70.953758
      -31.780525
       9.1548404
       26.745305
       20.580897
      -4.3675980
     -0.45169436
       1.3777511
     -0.60601293
      0.39388668
      -3.7367067
       2.1343093
      -1.2813816
      -23.109587
      -10.508308
      -12.029723
      -11.992133
      -22.236672
      -9.9141844
      -10.031758
      0.48666072
      -5.5446011
      -12.811624
      -12.261645
      -45.870273
       9.3442421
       11.961186
       6.9188268
       12.105009
       22.162245
       3.7637588
       22.179053
       20.202546
       32.104613
       24.924495
      -11.051321
      -33.368522
       14.380189
       32.530419
      -24.174038
      -41.174839
      -72.933463
      -96.318855
      -39.339722
       19.726386
       7.8534655
      -5.3836760
      -158.20965
     -0.29484263
      -6.4324995
      -23.937927
      -9.1763706
      -7.7511041
      -59.813364
      -33.225160
      -94.534598
      -88.339065
      0.26510174
      -1.1237909
       16.477929
       35.568094
       56.499997
       71.769035
       85.972443
       80.277642
       37.560659
      -12.056529
      -50.322631
      -93.170470
      -54.328216
      -29.348077
      -38.756460
       6.7145428
      -1.5548065
     -0.50587250
      -6.2623260
      -8.6770323
      -6.1754439
     0.096721962
      -3.4962463
     -0.86943648
      -14.743755
      -7.7206417
      -40.271949
      -28.432476
      -35.758924
      -15.830412
      -9.3398514
      0.61091304
      -8.7762649
      -11.034131
      -44.046283
       5.5248586
       5.8349246
       1.4288534
       5.4233115
      -25.567493
      0.27746213
       13.104076
       8.0003897
       18.215126
      -50.301067
      -14.145463
       11.035223
      -6.3107271
       58.822590
      -4.5796915
      -33.523422
      -66.821314
      -95.980423
      -22.382181
      -308.17102
      -73.922168
      -84.564539
       11.928181
      -20.161725
      -58.244917
       1.6202735
       1.0368763
      -15.876840
      -62.963752
      -42.042657
       358.57905
       186.12926
       259.12529
       283.80540
       214.67163
       237.63699
      -58.835223
      -40.836283
       2.4992544
       39.179213
      -65.763353
      -183.73036
      -134.11869
       101.15121
      -10.415399
       16.785127
      -11.906959
      -5.7486539
       7.6784294
      -12.752039
      -2.9582428
       6.7956204
       38.848864
       54.835558
       55.120782
       60.741209
      -3.1837956
      -58.030688
      -33.498777
      -2.0043021
      -5.5343381
       21.797788
       3.8007836
       2.1640857
      -7.4193475
      0.19262803
      -4.5303996
     -0.18958487
      0.39806244
       8.6862895
      -14.764568
      -32.984022
      -5.9126145
      -8.2482650
       9.8928347
       7.2824567
       2.1689084
      -8.1153175
      -2.5050034
      -1.5870880
      0.76327750
      -12.084113
       7.9555433
       11.998540
       14.466805
       11.822269
       11.007194
       26.770170
       19.471031
      -19.377905
      -15.924448
      -16.127934
      -39.742136
     -0.25177325
      -2.0634807
      -1.5593795
     0.044404607
       6.7551180
       23.959737
       8.9127547
      -29.255874
      -1.1904230
       9.3825107
      -248.51190
      -23.294382
       162.24534
       47.785025
       21.276144
      -50.930074
      -369.62370
      -135.20261
      -246.77984
      -14.982346
      -108.35729
      -197.47398
      -236.26367
      -22.757856
      -17.496560
      -9.6935459
      -18.780040
       1.3089143
      0.64158877
      -15.920596
       17.947865
       4.8926976
       32.425995
      -11.880479
      -21.241244
       16.979497
       5.0406792
       1.6906676
       7.0684560
      0.27015469
       1.5952653
       2.7756185
      -1.0510713
      -124.30164
       24.390183
       374.96721
       274.04673
       249.93703
       375.74482
       231.67761
       79.209572
      -50.454977
      -91.749454
      -93.659243
      -106.54613
      -161.15028
       53.843117
      -50.700528
      -95.643416
      -169.10413
      -109.56403
      -40.679728
      -17.228173
       5.5653829
      -1.0030968
      -11.453512
       5.8719575
       14.962655
       28.167057
       54.418131
       71.352908
       70.650807
       92.124933
       31.892079
     -0.69391872
      -52.089657
      -74.492860
      -43.749222
      -19.955470
      -19.125662
       8.7114693
       2.4461266
      -15.932936
      -2.5526466
      0.70198195
      0.83503789
      -20.343558
      0.59754039
      -13.145880
      -26.028799
      -7.6367124
      -9.7299829
      -11.595998
      -5.0215804
      -24.604894
      -36.113163
      -5.1441338
       4.1774284
      -11.019500
       2.9655940
      -3.5117938
       2.8223025
      -2.7101462
       27.986304
       60.840210
       51.796549
      -114.02789
      -26.430575
      -14.926207
      -4.9623791
      0.59566053
      -9.7232230
      -3.1432389
      0.90045797
      -8.7271277
      -12.261549
      -17.016251
      -1.8058743
      -5.1529092
      -217.49345
      -205.90745
      -129.55404
      -144.08551
       3.7511045
      -6.5209060
       68.428303
      -25.217461
       96.303003
       141.82856
      -24.475097
      -153.72016
      -271.56506
      -225.25067
      -111.60725
      -84.055441
      -72.488980
       81.209699
       75.776268
      -20.102288
      -2.9020017
      -20.475923
      0.48459636
      -6.2087133
       1.2876492
       15.293393
       60.586550
       67.915632
      -26.076446
      -31.835643
      -8.0336869
      -40.620676
      -108.15630
       28.051357
       51.924282
      -204.04226
      -3.3256544
      -41.080920
      -45.896977
      -17.700333
      -20.881595
      -13.425053
      -17.635540
      -11.902394
      -3.9480593
      -22.353584
      -12.950782
      -13.789637
      -21.021060
      0.17544556
       3.2513316
      -171.75477
      -170.01416
      -85.658152
       92.588516
       324.33480
       117.02864
       418.05582
      -51.288581
      -306.95587
      -235.22664
      -233.93368
       2.6195692
      -136.98245
      -115.61185
      -137.58216
      -137.43699
      -74.835804
       46.712977
      -14.760246
      -17.651917
      -24.850749
       6.0422432
       1.0758138
       29.239919
      -51.096927
      -39.508072
       3.6980633
      -4.6301653
      0.14883016
      -61.879966
      -4.0892632
       18.619874
       14.100167
       51.034932
       14.578251
      -29.158642
      -58.857758
      -41.736557
       142.27563
       2.5627987
       15.637193
       11.485123
      -10.204743
      -7.9459366
       1.7980656
       5.9126405
       10.534776
       43.333135
       31.676365
      -13.655144
      -17.742257
      -12.751493
      -7.5000953
      -8.3770823
      -14.884906
      -12.977811
      -9.1448622
      -7.7995028
       4.7171997
       2.3376314
      -8.0607092
      -1.7246192
      -86.225829
     -0.93539992
      -174.12224
      -197.47115
      -76.452160
      -8.0413724
       16.582229
       31.787827
      -13.821017
      -8.1778278
      -32.068433
       1.0864812
      -7.6522273
      -9.0699729
       14.835628
       23.740883
       13.977360
       21.909716
       49.320668
       14.323918
      -26.748271
      -38.017847
      -35.465561
       129.71852
      -14.217078
       2.9847365
      -6.3760751
      -3.3045108
       12.114002
       21.080272
       34.557602
       53.032139
       38.952417
      -19.919341
      -22.670601
      -10.937935
      -16.209381
      -9.9232280
      0.26111650
      -5.9067918
      -2.2008904
      -15.372732
      0.82637523
      0.22683246
      -2.5975133
      -51.481537
       16.519254
      -214.37162
       55.977572
       3.0629955
       11.240965
       7.5681438
       31.521604
      -53.881406
      -14.631287
      -21.176669
      -12.934465
      -10.394150
      -7.6040576
      -21.521944
      -36.765149
      -11.512635
     -0.11335428
      -14.780402
       20.195537
      -11.917652
      -85.223142
       1.6583742
      -74.366047
      -19.584202
      -20.639020
      -25.165704
      -11.516711
      -17.345854
       3.5533055
       33.625982
       21.602456
       9.3466421
       12.208958
      -16.338262
      -43.821757
      -60.380082
      -58.316831
       50.833237
       123.87963
      -54.161444
      -13.081486
      -3.3638191
       2.0027830
       18.142387
       16.099609
       23.652325
       21.119150
       24.080090
      -143.00835
      -34.285488
      -48.111237
      -35.915956
      -139.85628
      -51.426166
       5.6304266
      -22.552895
      -64.208650
      -9.1845768
       31.131475
       23.379757
       11.783052
       14.026811
       2.1316954
       121.80250
      -56.672826
      -24.648667
      -152.22169
      -31.966875
      -21.087466
      -6.2483623
       14.142536
      -10.865334
      -21.971648
      -30.268560
      0.35512456
      -11.608641
      -18.067433
       26.662632
       41.934142
       10.045608
      -28.030517
       7.7389590
      -54.178203
      -54.597711
      -17.040194
      -40.245397
      -13.194422
       5.2875756
      -15.770375
       3.5071611
       18.781413
       15.723143
       25.319027
       38.849708
       37.585087
       6.4208810
      -44.382150
      -59.503922
      -47.350310
       104.63472
       147.51718
       5.2838598
      -4.3629255
      -33.478361
       4.7816863
      0.12862594
       12.205994
       12.453293
       33.456593
       34.707609
       21.468790
      -160.55331
       48.604285
      -86.111327
      -76.876258
      -6.9994010
      -4.4883876
      -7.4663969
      -8.6575759
      0.53159842
     -0.70934049
      -170.78958
      -10.878165
      0.35283924
      -5.1121663
      -3.8411489
      0.42132408
       7.1282842
      -59.880016
      -55.385379
      -34.811219
      -132.11765
      -149.30230
      -109.53958
      -48.490556
       21.466464
      -12.099528
       2.7699111
       78.987583
       22.510205
      0.89795340
       5.8116903
       16.784030
       29.736738
      -29.906907
      -5.1596827
       1.6074894
      -12.751963
      -13.168050
      -4.7698191
      -7.3692558
      -17.273405
      -26.953497
      -19.991188
     -0.21830626
      -15.255577
      -14.089145
       9.9407119
       31.622764
       1.5521525
      -12.486750
       1.9474612
      -3.8119578
      -179.78988
       1.6546950
      -11.151305
      -65.419873
       18.309439
       36.138970
       20.159238
       16.264238
       28.100517
       42.335901
       23.117852
       36.616492
      -36.121604
      -41.579116
      -2.5167909
      -60.177054
      -108.69257
      -2.4031250
      -8.4854600
       4.6106494
       2.0219475
      -1.1155130
      -21.557317
       2.3015556
      -7.6807534
     -0.50889496
       3.3582311
      -9.4440425
      -46.810843
      -45.905595
      -19.676705
       5.0357955
      -35.126004
      -252.20505
      -136.70683
      -125.93391
      -13.725018
      -47.493247
      -19.883362
       34.508397
       20.626665
       73.773922
       22.695140
       9.9139276
      -1.3267552
       2.5254281
       14.481383
       26.363856
      -17.909080
      0.31939565
      -9.7466787
      -16.185864
       3.6090193
      -9.2157161
      -47.619100
      -49.051303
       1.9711655
      -8.3503640
      -14.871371
       1.3347014
       8.3883283
      -83.995617
      -18.664607
       11.753069
       33.661495
      -48.399289
      -100.86565
      -10.733516
      -4.7361483
      -1.2574023
      -10.424426
      -29.919632
       1.8775428
       10.188204
       1.8795568
      -16.713403
     -0.33596584
      -40.200306
      -12.939590
      -1.1941551
      -2.8117831
      -3.4643869
      -7.0439080
      -20.351335
      -42.370565
      -74.638944
      -94.369571
      -33.273388
       53.160361
       31.021618
     -0.15102579
      -22.419371
      -13.625428
      -4.5197900
      -3.2973721
      -3.3973208
      -105.20032
      -52.875657
      -78.261931
      -52.460746
      -9.2947714
     -0.71175622
       1.7049380
    -0.011263377
      -100.66584
      -3.6592108
      -22.282708
      -2.7947238
      -2.9969561
       9.9654644
       26.539412
       32.488540
      -13.866445
      -63.758092
      -54.469453
      -9.0053464
      -61.144542
      -163.98754
      -84.919715
      -50.366737
      -30.780128
       6.7637173
      -6.2023567
       35.224241
       14.296730
       29.900199
       17.467807
      -34.325421
      -259.32879
      -298.14283
      -276.76925
      -128.03093
      -26.534310
      -22.746033
      -18.949806
      -20.846427
      -26.908408
      -4.3591377
       1.5533098
     -0.42812654
       9.7377869
       10.420691
       27.028200
       1.1694280
      -14.040598
       7.1918591
       1.2634100
       8.4221761
      -320.14716
      -291.56991
       61.859709
      -88.353591
      -19.286501
       82.005598
       18.195852
       76.525894
      -174.45982
      -81.496300
      -103.65473
      -197.84208
      -266.34127
      -14.933060
      -5.7229237
      -11.322071
       3.9769450
       15.825427
       21.920556
      -10.729429
       5.1151377
       27.262584
       6.9024804
       31.077734
      -13.967197
      -25.313279
      -43.548467
      -44.594731
      -51.892061
       22.379477
       3.0239870
      -10.425080
     -0.59154380
       2.1996516
      0.72235940
      -36.354805
      -77.521751
      -4.2113870
      -1.1193332
      -8.5611341
      -22.614758
      -8.7708961
      -2.9565073
      -9.9466021
     -0.93006690
      -10.358968
      -15.829906
      -29.403948
      -6.9293342
      -21.011864
      -7.7233606
      -51.070452
      -9.1187008
      -10.700539
      -24.387616
      0.83616512
      -8.8705219
      -34.187291
      -52.605803
      -38.123116
       14.954253
       17.132935
      -28.814636
      -18.202070
      -6.6007991
      -113.69554
      -99.562520
      -43.854575
      -21.881118
      -5.3161666
       8.5436821
       11.351796
       2.1271132
      -96.980125
       1.0254602
      -1.4478027
      -5.1799694
      -3.7140751
     0.069835377
       4.2410638
       9.0249167
      -5.2230300
      -40.393277
      -13.477900
      -75.495801
      -174.40083
      -125.75615
      -54.876185
      -18.237840
      -30.589516
       1.1507533
      -10.805121
       17.957123
      -4.3579295
       26.466353
       38.353198
      -5.4306794
      -50.721633
       43.249715
       61.136984
      -2.1619167
       6.6890376
      -19.672047
      -6.6960480
      -14.105724
      -5.2048994
      -6.8800011
      -47.186843
      -32.701136
      -10.161931
       11.340297
      -2.6477800
      -4.3819784
      -10.599610
      -17.066483
      -2.1246569
      -31.510752
       1.9931449
       10.285374
      -29.214527
      -5.7083138
       1.6510785
    -0.026228877
      -5.8463855
      0.19385664
       1.1779293
       5.3069706
      -2.5967488
      -1.1950309
      -2.4304517
      0.83023378
      -2.9261896
      -2.3911990
      -2.1870364
      -9.1808017
      -10.641936
      -2.2922381
     0.083864338
     -0.37936629
      -1.9967372
      -1.1041426
      -18.418982
      -6.8041948
      -7.8649320
      0.88810893
      -28.582061
      -31.455062
      -24.375673
      -87.592121
      -96.088805
     -0.81066564
       8.0915220
      -32.125088
      -18.216958
      -10.384697
      -87.072208
      -78.870915
      -91.293136
      -2.8321022
       2.1352188
      0.96949459
      0.60239462
       2.9427575
      -151.60436
      -31.572022
      -7.6389272
      -1.5399098
     -0.61997240
      0.91511437
       12.316527
       11.401498
       17.025392
       12.602655
       4.3518371
      -40.401607
       18.760459
      -6.5540057
      -8.2884888
      -14.613149
      -9.2469709
      -17.426796
      -16.159209
       1.6381443
      -13.218718
      -112.75081
      -34.443787
      -31.685153
       2.4844637
       21.723898
       12.095762
      -4.6559428
      -15.905498
      -53.773861
      -15.270020
      -8.4761450
      -41.093616
      -43.373763
      -7.4041621
      -1.2008492
       2.8959412
      -28.762301
      -6.6653188
      -1.0748628
      0.46131863
      -6.3436385
    -0.077925253
     -0.26690418
       10.067511
       6.9035420
      -6.4094412
      -12.777399
      -5.1230253
     -0.64804216
      0.54780210
      -2.7963116
      -32.542291
      -20.478204
      -4.7749630
      -27.654827
      -21.882319
      -24.512739
      -18.102608
      -57.880431
      -8.8120501
       2.0134020
      -8.2463944
      -30.085569
      -34.218575
      -34.739647
      -73.581562
      -75.873350
      -87.731086
       3.9090133
       11.035633
       17.473798
       11.452343
    -0.085150567
      -21.662873
      -10.258096
       2.2508620
       2.8779401
      -2.0135387
      -26.335328
      -14.941894
      0.91591719
      -12.562687
      -57.094243
      -35.646898
       67.946530
      -7.9625691
      -48.796179
      -76.555528
      -85.348080
      -73.952631
      -79.121103
       1.1377576
     -0.74816462
       14.149127
      -5.1302577
      -19.700170
      -6.8136934
      -55.501328
      -38.817071
      -16.601978
       3.3396218
      -29.109941
      -1.5766854
      -114.86139
      -4.3639464
       23.173793
      -1.7706222
       2.6706032
      -36.779428
      -26.940480
      -51.094314
      -24.274217
      -17.199519
      -13.523533
     -0.15424337
       3.7175988
      -3.7670475
      -22.281421
      -26.532572
       2.0849031
       7.0544297
      -43.055331
      -68.019767
      -29.060208
      -2.0718799
      -58.103281
       2.4641548
      0.67207450
      0.65032128
       2.6770352
     -0.35851563
     -0.65353558
       4.1684573
       8.6536453
       1.8421966
     -0.22868416
    -0.061315744
      -13.597105
      -1.8914855
      0.27882063
      -4.4290820
      -10.555923
      -4.4935101
      -1.5138585
       4.3710291
    -0.093495078
     -0.24513571
       4.3592032
     0.014201287
      -14.386778
      -18.427949
      -57.568964
       53.471762
       73.100700
       88.673935
      -14.035072
      -62.363250
      -92.667650
      -122.51418
      -124.98232
      -146.98378
      -47.008975
      -13.233761
      -16.788051
       3.5969183
      -5.3462411
      -15.410497
       4.4711293
      -9.6531974
      -11.949279
      -5.4550306
      -29.833187
      -6.5817066
      -2.4569459
      -30.969103
      -45.580971
     -0.47573904
      -10.425245
       1.6901212
     -0.77927110
      -1.6947268
      -10.039351
      -28.891119
      -49.413729
       3.1357440
      -5.8861720
      -19.197226
      -64.693965
      -26.724745
      -2.6647757
      -12.897586
      -3.2528906
      -5.5065190
      -1.0989072
      0.36839474
       14.812963
       14.821523
      -37.938485
      -43.444213
      -56.176161
      -16.435050
       7.3200154
      -1.6357444
       5.8765416
       39.880289
       3.4709856
    -0.043908454
      0.54416150
     0.087240998
      -2.6091603
      -6.3176928
      -5.5685839
       3.1648162
      -50.475946
       12.289080
      -57.057398
      -15.750137
     -0.33637197
      -20.597185
      -14.302573
      -46.436881
      -8.8614704
       14.264103
       10.759224
       15.370039
     -0.82535336
      0.33043380
      -11.232827
      -30.320718
      -5.5716768
    -0.057197133
       1.4695706
     -0.79763091
      0.80693034
     -0.25878111
      -7.2835102
     -0.85869225
       2.8042263
      -13.401532
       34.353981
       76.207305
       74.645491
      -23.973022
      -83.359521
      -119.39129
      -143.06316
      -131.95786
      -138.98786
      -44.132868
      -25.403027
       9.3297977
      -8.1743815
      -1.3755411
      -15.208211
      -2.6070954
       3.3482106
      -27.682664
      -86.314247
      -133.64509
      -55.008709
       65.910613
       23.911410
     -0.52534246
      0.61259713
      -8.2918315
      -26.338315
      -15.912903
       36.775155
      0.44709480
       6.7321372
      -36.376551
      -21.466171
       7.4256430
      -1.4275291
      -7.4481944
      0.71343103
     -0.15172692
      -1.3109848
      -4.7974137
      0.69280034
     -0.95697697
       3.7136840
      -27.385964
      -17.881057
      -36.978664
       1.9446561
      -20.204730
      -41.889352
      -30.375518
      -42.019393
      -19.898705
       6.5529479
       11.306261
       8.1310891
      -1.7428555
     -0.41682851
      -3.6490803
      -13.600774
      -3.0655365
      -6.5138191
      -4.8098349
      -7.6881428
      -4.2550217
      -2.2050877
     -0.81433033
     -0.95238171
      -5.7409083
      -6.1190684
      -28.573714
       27.406781
       74.460029
       123.09380
       2.4945019
      -54.334117
      -87.459124
      -106.93448
      -94.984617
      -111.83551
      -140.44406
      -15.980975
       13.721977
      -6.5102816
      -47.516910
      -19.187761
      -25.923771
      -41.265860
      -11.267442
      -32.389514
       5.6292626
      -49.970613
      -75.270711
      -40.979383
       15.312137
      -21.322234
       47.945386
      -49.932521
      -71.512698
      -210.82645
       10.702339
      -5.6303684
      -58.178401
       10.639942
      -31.437966
       72.711858
       90.012378
       50.155548
       28.400639
       18.557624
       14.160115
      -70.224470
      -31.730750
      -48.882945
      -4.2206816
      -6.4422194
       16.261063
       1.2359022
     -0.37933842
      -39.036877
      0.71536463
      -3.9617570
      -2.3944606
       2.9291663
       9.1233063
      -18.141344
      -25.083157
      -36.797783
      -12.476845
      -34.420685
      -36.481049
      -5.5930554
       29.254471
       1.0711668
      -2.9974034
      0.53238612
      -8.1090858
      -11.087030
      -10.313973
      -2.7420773
      -37.605964
      -2.1888543
    -0.073676557
     -0.15540999
     -0.63603307
      -6.6905868
      0.51679130
      -12.883908
      -41.273958
       405.88145
       342.71625
       38.412285
       40.955268
       11.840057
      -96.753635
      -126.28805
       27.540850
       28.054722
      -41.731334
       7.2060600
      -15.507009
       18.712596
       49.312412
       16.489664
       25.556578
       26.832882
       16.573783
       32.394115
      -9.0565388
      -13.378649
      -72.285893
      -52.704251
      -34.208785
     -0.11378750
      -5.4747167
       5.4792032
       9.4694762
      -5.6775948
     -0.83452476
      -40.526843
      -1.2314141
     -0.31099738
      -16.906500
      -13.021916
      -13.042810
      -13.937155
      -25.584732
      -12.372317
      -32.334679
      -46.866826
      -33.086466
       8.6822026
       44.090504
       2.3914303
      -3.3873695
      0.41698560
      -5.8988835
      -16.490888
      -17.515729
      0.33709632
      -10.241333
      -3.5493217
      -1.6720680
      -1.1647886
     -0.25714141
      -7.5963332
      -11.023627
      -5.2400026
      -18.574282
       22.521879
       60.122682
       8.0696310
       12.077531
      -3.0713260
       5.9368370
      -124.25167
      -110.48378
       23.722816
       24.513488
      -8.7156106
      -53.138120
      -28.357968
      -37.386207
      -5.6944376
     -0.12124851
      -1.4639487
      -12.554047
      -8.9856399
      -34.236772
       84.142991
       22.023192
      -41.931647
      -8.4853106
      -2.2472745
      -1.9416998
     -0.60729996
      0.98693461
      -79.402626
      -79.936539
      0.58373249
      -2.0865790
      -5.6658549
      -383.00733
      -647.86109
      -480.19376
      -397.54860
      -192.61570
      -227.59916
      -426.00674
      -569.14697
      -737.90781
      -1.2152371
      -3.9169396
      -1.6051973
       23.672890
       27.749108
       39.888036
       23.926339
       27.806920
      -6.7825013
       3.8817538
      -88.951543
      -63.713057
      -122.60264
      -167.05894
      -39.262339
       29.038121
      0.81975486
      -10.415007
      -60.607774
      -39.410296
      -46.799842
       5.1297334
       1.2204153
      0.55885443
     -0.53434777
      -5.6567689
      -3.6789859
      -12.452038
      -88.975411
       9.7678723
      -30.663681
      -20.546011
      -27.567034
      -31.826203
      -26.946803
      -8.5991114
    -0.079451957
      -1.5920956
       2.5219354
       3.8817956
       32.749111
     -0.70173761
      -1.8406287
      -102.69743
       11.441997
     -0.45491717
      0.50054955
       2.8012040
      -370.04182
      -739.74738
      -596.73949
      -336.16978
      -292.46106
      -224.76717
      -350.81891
      -493.12554
      -627.06317
      -811.75297
       88.647131
       14.820490
       2.4105971
       21.453721
       7.1299788
      -65.471537
      -64.283096
      -41.024531
      -47.602249
      -90.891092
      0.20001549
      -33.010165
      -62.211314
      -28.789585
       30.003919
       38.617603
       24.384213
       20.751014
       4.9612689
       7.4748748
       17.266535
       14.120679
       3.7483607
      -10.118085
      -11.587634
      -8.3571853
      -1.0929170
      -52.815570
      0.39604379
      -2.4364157
      0.11003894
       31.900219
       19.069160
       16.024535
       6.8356235
       15.103362
       41.895121
       5.9954759
      -39.698024
       8.8773096
      -17.282368
      -69.674589
       3.8983630
       32.776421
       37.005971
       15.239474
       1.6547095
      -83.246217
       6.1994461
      -11.983980
      -24.634111
      -66.287314
      -68.482102
      -12.708501
      -13.595219
      -5.5103554
      -5.3327933
      -4.5631915
      -7.0763038
      -74.192963
      -40.356971
       4.5792792
      -80.346344
      -13.577503
      -30.150768
      -19.600094
      -34.024626
      -36.897885
      -22.256687
      -11.158858
       2.6601344
      -2.6286636
       34.430031
      -15.530493
      -6.6887854
      -4.7251384
      -12.826556
     0.047330736
       148.24675
       55.278253
       2.5327337
      -30.588796
      -9.2161191
       11.224858
      -51.476701
      -45.070402
      -121.23672
      -191.23257
      -151.45621
      -100.32638
      -23.455283
      -13.294625
      -12.726620
       73.039717
       75.479161
       1.8568762
       4.6038367
       2.2368740
       2.9939655
       37.320710
       19.852707
      -6.0544241
       1.7142278
      -52.961794
      -65.701675
      -52.360640
      -1.7629253
       1.7438627
      -47.165318
      -27.163474
       11.697830
       32.203396
      -1.3079816
      -1.4421732
      -6.3778368
      -5.4858543
       4.3069784
       3.1642656
      -9.7785290
      -16.132299
      -20.718996
      -6.0068729
      0.52991932
      -62.098223
      -1.2466450
     -0.64551513
      0.49638478
      -5.2869896
       24.046583
       10.996565
       4.6998152
       14.006377
       21.003240
       21.776305
      -9.8150403
      -61.725060
      -48.852808
      -42.897902
      -59.988624
      -20.126576
      -3.2353824
      -2.7610216
       24.599024
       32.428569
       24.191540
      -1.9408979
