       1.4352378
      -6.3211242
      -3.7565122
      -4.2882736
       13.665467
       21.785949
       113.38425
       11.145973
      -40.816252
       49.399803
      -1.4356450
      -37.414687
      -15.173183
       34.492831
       7.5428575
       9.9754747
       16.103700
       59.096259
      -19.050840
       89.437166
       52.170342
       8.8749106
       7.2853235
       12.539967
       5.5969707
      -1.6892586
       13.945902
       3.9780326
       5.7313868
     -0.32128135
       67.615119
       35.821837
      -5.5137155
      -33.346834
      -11.667131
       1.3135814
      -3.3149992
       137.91254
       207.22049
       12.915352
     -0.60563319
      -12.376797
      -11.172298
      -16.491861
      -2.9326048
       27.594502
      -4.8656389
      -6.2319185
      -1.1896524
       1.2401250
      0.89091366
       11.657642
      0.91872890
      -1.6180648
      -30.798335
      -2.8467710
      0.63913931
     -0.96448941
      -4.9222544
      -9.4482112
      -4.4972052
       4.3732030
      -7.3062213
       12.804131
       6.3509076
      0.33573927
       32.545974
       15.026290
       41.657632
      -4.3195629
      0.47111702
       18.982821
       18.051582
       75.856233
       60.849192
       4.9013482
       25.464305
       17.423149
      -3.8929672
       15.360427
       12.499594
      0.67965293
       9.5855649
       25.175734
      -5.6601843
      -5.6941149
      -4.5722968
   -0.0044522450
       7.7560063
      -2.0798768
       2.8670361
     -0.98233122
    -0.062505517
      -2.5118694
      -7.3449297
      -6.2172631
     -0.20664643
       4.6854737
      -1.2361223
       6.6498490
       52.830624
       11.083427
       34.544606
       1.7355186
      -25.230387
       4.6417595
       6.1176633
       73.491700
       69.371968
      0.78278519
     0.053291732
       15.419550
       7.4771317
       37.884405
      -5.5278732
       27.405292
     -0.73155817
       1.0048340
       1.8291287
     0.045095144
     -0.65906147
      0.11017735
     -0.22635831
       33.037655
     0.014438017
      -2.5265368
      -3.6999659
       41.423286
       2.9103369
      0.55669923
     -0.26059972
       4.8187070
     -0.50690787
       5.3214254
      -1.9102471
       1.3184852
       12.107457
       309.18458
      -7.9861572
      -6.3826293
      -5.7278721
      -2.2851779
     -0.97220273
      -18.518837
     0.020314325
       9.1467268
      -1.4406713
      -4.0730736
      -2.9411004
      -5.2228264
      0.53606664
      -1.0853695
      -7.0093311
      -3.3710038
       1.8309188
       4.2977402
      -19.671412
      -11.417554
     -0.33737979
       14.977881
       4.2859614
       19.165398
       25.092246
       7.4923133
      -1.0837875
      0.67644691
     -0.92132768
      0.19058644
       1.1290987
       3.5168311
      -3.8318300
    -0.036834297
     0.079848881
     -0.67495675
       19.658409
       1.6036231
    -0.049907531
       1.8889895
      -1.9509692
       11.941784
      -13.290630
    0.0045706855
       336.59606
      -11.214575
      -7.9176358
      -5.6195604
      -4.9876522
       2.6639137
      -9.1059607
       9.3645955
      0.29449519
      -2.6656569
      -5.4608389
      -5.6140010
      -7.7717420
      0.72092752
     -0.10820390
      -5.3713836
       4.1272003
       9.0653737
       7.7785943
      -21.818772
      -22.909857
       1.3556176
       60.887046
      0.11839352
      -6.1905207
       71.773925
      -4.4952579
       2.0982026
    0.0031732197
       22.111128
       57.227284
       39.410265
       3.9206496
       2.1790790
      -1.7912418
       34.017395
      -6.3047206
       4.1451470
      0.96202914
      -1.0003913
       268.36274
      -6.5322634
       1.2150462
       2.4940569
     0.022586165
      -2.1833732
      -1.2699558
       31.474720
       1.0237648
      0.95862544
       2.3647235
     -0.42436814
       3.6960975
      -3.0257469
      0.89454948
       363.89257
       1.1055677
      -3.0440247
      -1.7130059
      0.54663143
      -11.564287
       62.017681
      0.37303465
       7.0574155
     -0.85996505
       34.188968
       64.372779
       24.780902
       8.3702734
       3.4627860
      -2.1823458
      -4.5930941
       79.050523
       21.642606
       3.2525171
     0.032175412
     -0.77751335
       1.0149982
       7.8531739
       2.0087251
      0.65268365
      0.79350184
     -0.36764969
       34.442305
      -9.7990295
    0.0020952464
     -0.13702882
      0.96230020
      -1.2764680
      0.32370211
       2.2912643
       438.12891
      -13.070735
      0.12308553
       2.8214896
      0.22017334
     -0.34248792
       10.190040
     -0.18572546
       1.2489315
     -0.47886798
      -4.0921187
       3.2316945
     -0.87053997
      0.46161246
      -3.8996819
      -3.4161149
      0.70015318
      -1.1591665
       1.5237555
       2.7669131
       8.7249214
       4.0732309
      -14.911646
      -3.0169281
       1.2620139
     -0.54903174
       20.750720
       23.261194
       10.280532
       5.9228976
      -2.8616365
      -9.4027734
      -15.301231
      -7.9447405
       73.162171
       36.150451
       8.9575627
       1.3572112
     -0.81763743
     -0.14165064
       8.3914528
       9.3224542
       2.6267020
      -1.7558938
     -0.21237992
       1.1297916
       24.104568
       5.9421855
      -1.4890342
      -3.5647831
      -1.1395168
      0.15948488
      -4.1140672
      -2.5341275
      -4.8635950
      -6.9893634
      0.19004861
       2.8468977
    -0.026896889
      0.19046434
      -4.5213768
      -6.7150823
      -11.480329
      -8.3704469
      -3.8333109
       5.2482953
      -1.0698261
       9.0984344
      -15.784856
       14.147082
       2.5878270
      -3.0581503
      -10.092552
       73.938437
      -1.7379347
       14.610940
       9.0224451
       1.4433617
       3.6856444
      -2.5708039
       51.978700
       40.212147
       46.715839
       21.021026
       1.0106978
       8.0037156
       1.6301039
      -1.2081623
       1.4297349
       2.0616127
      -48.243194
       4.7930545
       83.722222
       71.587843
      0.29517515
       1.1186809
       10.235383
      0.80778638
       5.5838099
       3.0147095
       1.2114215
       474.36681
       41.750149
       12.111819
    -0.049205282
      0.16155063
     -0.31090662
     -0.18109191
       1.0994223
       1.2641678
       1.8079618
     -0.69016293
       2.6378927
      -8.1026526
     0.098422439
      -1.0649677
     -0.40354724
      -1.2224469
       2.3694994
       73.355715
     0.018474447
     -0.97275966
       29.639791
       3.5346167
      0.80975500
     -0.46276350
      -8.9322259
       39.217511
      -179.59802
       67.698434
       336.33265
       49.699596
      -14.793508
       6.3200129
       2.9675332
       1.5264190
       12.114281
       2.2323818
     -0.81416485
      -2.7144089
      -3.6302342
      0.93791520
       336.09458
      -33.763007
       15.613338
       8.6371405
       11.012138
       5.7891944
       7.1481016
    -0.080106440
       8.6628716
       4.7650315
      -11.500432
      -2.1070145
      -1.9957566
      -4.1696454
       1.1525730
      -3.5043369
       5.0834746
      -3.9392049
      -3.3958991
      0.83675975
       8.7274640
       6.5374048
      -2.9234139
      -3.3943649
       2.9331691
       16.376023
       274.64446
       98.707794
       9.6717559
       166.28652
      -83.825093
       3.2148832
       2.8285004
       4.2644857
       57.319019
      -1.9829501
       4.3356227
       5.7785560
       7.3303631
      0.39855423
      -2.2056559
      -3.1220060
       516.03752
       31.590309
       24.269317
      -3.1015560
      0.10227725
       3.8342117
       6.5415327
       4.1384748
       2.0952128
    -0.032674019
       5.2385510
       11.865994
       11.830279
      -2.4569736
      0.12864658
      -3.0977793
       8.8199404
      -4.7889975
       69.148216
      -1.7391052
       30.646442
       25.126147
      -4.7478171
      -6.4378706
       51.389703
      -17.469544
      -207.44352
       117.56465
       336.62245
       416.16425
       467.79106
       304.35787
       346.95214
       32.997413
       10.297297
       10.086975
      -8.0282206
       2.2445215
       49.658022
       20.540143
       50.645480
     -0.22855641
    0.0066772942
      -4.1331680
       34.006571
    -0.092369215
      0.65343718
     -0.89466934
       203.39666
       187.41878
       9.5473975
       7.1165523
       5.2494195
     0.029070063
     -0.87109847
       2.0428522
       4.3929398
       7.6867322
     0.086150918
      -4.2003449
    -0.050045119
     -0.70682791
      0.83376592
      -5.5406806
      -3.1538451
       15.254172
       11.796657
      -80.758873
      -35.455566
       31.134316
       43.122011
      -6.8206426
      -33.591822
      -40.078373
       38.343893
      -6.8571013
       24.087510
      -298.97343
      -271.47448
       360.37051
       466.17036
       397.35072
       373.12001
       54.964099
       18.789525
      0.18634117
      -4.7636479
      0.47492044
       29.600728
       7.4401353
       79.726272
      0.66543286
       4.8210452
       62.068615
      -3.6813748
      -5.2217456
      -75.413782
       301.10653
       374.98512
       13.972412
       9.1837766
       4.3231001
      -1.8260790
       3.6599757
       6.3717438
       9.2085157
       10.619117
       13.711736
      0.24193221
       14.095284
       14.629776
       12.396544
      0.48529133
      -4.8897450
      -10.192284
       8.1800529
       2.0831148
       27.481044
       28.279965
       28.024540
       38.471781
       18.760240
       77.685416
      -7.4716173
      -12.942144
      -80.366872
      -47.494273
       74.365021
       17.563840
      -11.038720
      -16.563578
       135.53815
       9.8886389
       119.00067
       18.605643
      -182.22072
      -216.41933
      -124.20197
       393.85127
       473.56088
       518.63221
       307.61385
       309.55821
       99.371146
       39.306901
       163.08047
      0.87942701
      -1.4351325
      -7.8913036
      -27.722551
      -52.356589
      -18.001775
      -16.875097
       27.979291
      -8.9245697
       34.292964
       17.125039
      -4.8211142
      -8.7554973
      -10.392035
       10.009932
       31.745164
      -15.079190
       16.668686
       45.456240
       13.377891
       74.294438
      -12.384531
      -80.556794
      -53.246283
       64.012921
       26.834817
       15.234952
       98.216299
      -1.4755136
      -12.742483
       123.51684
      0.56455188
       25.471396
      -225.44372
      -189.10248
      -245.65998
       529.98435
       499.52624
       358.24081
       138.24371
      -11.346506
      -8.7899145
      -25.959669
      -5.7452436
       28.559615
       59.820356
      -1.9008905
       133.78860
      -26.389905
      0.81139786
       7.1966520
       2.9226740
      -17.035550
      -9.0546192
       166.43510
       137.88809
      -7.3929862
      -5.4448504
      -1.2288964
       2.2032136
      -14.972094
    -0.027440094
      0.42855812
       4.9438132
       121.41236
       67.115587
       21.125155
       5.4122340
       55.998828
       87.490938
      -20.805687
      -60.949332
       16.095348
      -29.101804
       5.0345770
      -1.5584700
       87.321127
       7.2855793
       32.292471
     -0.33717695
       208.79067
      -39.198105
      -25.120359
     -0.45697094
      -3.1366405
       13.373344
       1.6532120
       154.12903
       121.66153
       3.5613447
      0.22578200
      -6.3863683
     -0.27431504
      0.12454215
      -7.7588865
       4.0253881
      -5.5769425
      -5.1329316
       1.2145133
       7.4324519
      -34.947115
       8.6902501
       12.828685
       6.9200689
       45.726824
       82.451950
      -7.6006083
      -75.132021
       1.3423534
       78.392319
       15.403322
       51.532489
       4.4885727
       2.8725312
      -36.107297
      -63.917624
       3.2571040
       16.218453
      0.11366338
      -144.45621
       25.708267
       41.109837
       22.912380
      -7.6864133
       3.6008351
       13.479810
       9.7050456
       4.0410371
       17.094628
     -0.31675770
      -4.3928452
      -2.0604675
      -1.5768877
      -5.8146156
   -0.0099370071
       6.2862257
       10.798057
      -4.0020462
      -5.3635562
       93.748187
       7.2645246
      -10.813376
       3.6012535
       4.0921153
       32.746680
      -3.4966875
       320.58622
       4.4702404
       9.9432126
       5.8932002
      -31.136779
       53.464473
       2.8524756
      -5.3900918
      -2.1191690
       33.773311
      -5.3167602
      -13.633239
       3.0319736
       11.490835
       3.1813529
       16.053229
     -0.90882847
      0.73347942
       1.4771971
     0.010149296
       10.581904
      -17.580590
      -14.829605
      -5.2500136
      -4.9213626
      -1.8781312
       8.4616830
     -0.42596200
       9.8281905
       4.0480734
       1.5852570
      0.82644577
       28.679811
       1.0097645
      -1.2632529
       5.6797307
       2.8986860
       5.2776634
      -4.7126920
       10.487544
       33.327887
       5.4534535
       1.2319934
       4.2535462
       14.448031
       1.7528164
      -4.6537943
      -4.2628178
     -0.53642742
      0.80399684
      0.12937931
       7.0065888
       4.4981495
      -5.3105839
      -19.920463
      -1.2586122
      -4.4701200
       158.80203
      -24.318731
      -10.048682
      -60.055217
      -5.8948112
       53.173471
      -19.712144
       2.8418854
       30.558883
       54.778097
      -6.3646146
       23.887813
       5.0475649
      0.27463713
      0.39222618
       1.1447250
      -10.337576
      -17.714722
       1.4321361
       1.2149179
      -8.0483447
     -0.26454381
      -132.00328
      -266.59412
      -201.33063
       69.305608
       211.74232
       159.05551
      -2.9585970
       107.91624
     -0.39498082
       2.3834636
       2.5073410
       8.5003049
     -0.23259257
       462.93768
      -2.7391952
      0.92817749
       5.2255929
       4.2805724
       3.8396760
       5.9237737
      -12.668018
       28.399356
       16.109267
      0.60443354
       7.9181013
      -4.4625424
      0.16109794
      -2.2302933
      -2.8896845
       435.24093
       166.06100
       5.8625709
       2.0081310
      -5.9042616
      -3.8917866
     -0.11962036
       15.937881
       2.7293173
      -2.5507073
      -3.6621853
      -1.2116377
       3.7799784
       4.5453659
     0.044069234
       3.4729948
       26.971474
       4.3230638
       10.014176
       11.143778
       4.6068381
      -8.3031913
      -5.8699873
      -1.7806671
      0.48823114
     -0.54526535
       5.0878786
       49.568378
       4.7094154
      -3.3872960
      -26.591176
      -7.9833542
      -3.7217150
       60.314575
      -15.655447
      -26.263492
      -55.765764
      -25.826760
       40.948966
      -13.638337
      -13.319206
       44.051966
       40.529903
      -14.145110
       2.7931897
       23.113140
       2.4376592
       5.8645675
      0.34980715
      0.73998887
       1.9422662
       1.0842341
      -24.404396
      -1.5490039
      0.24144120
      -6.4795644
     -0.13195205
       2.2196704
       9.8702837
       1.6864054
       3.4700446
    -0.071057054
      0.75157454
       1.8147220
       7.2846895
      -127.05591
      -131.36172
     -0.67463788
       2.4496193
       10.043377
       7.4401172
       2.5512694
     -0.39899411
       1.7493220
       25.351388
       53.749039
       5.8592283
       1.3488935
      0.98202522
      -8.7480537
      -8.3145373
     -0.20544688
     -0.42774607
      0.73112946
       5.2022178
      0.63485972
      -8.0301680
      -17.153818
      -12.690683
       16.183829
      -2.2224814
       16.169273
      -4.0714579
      -22.347596
       110.05761
       84.707713
      -9.1828299
       24.492305
      -11.417039
      -12.342329
       2.2593710
       3.9429043
       3.9238740
       8.2666197
       4.4731061
       3.2969010
       4.4904956
       6.8000870
       7.9876376
       10.758497
       12.701370
      -1.0563353
      -121.47610
      -146.43484
       2.8105164
     -0.42434658
       1.3592259
       23.335355
     -0.88201853
    -0.036603179
       12.314293
      -1.8973463
     -0.57819921
      -2.2757947
      -5.5466543
      -2.6308696
     0.012123912
       3.2128720
       13.045912
       2.1571485
  -0.00074701656
      -1.4715479
     -0.35528814
       5.0576578
       8.4756100
      -4.2337888
     0.018245344
       24.702711
     -0.57905981
      -27.150884
      -4.7524573
       15.107844
      -48.305377
      -34.554130
      -1.3777346
       3.6819352
      -6.0324566
       4.9206827
       2.2371272
      -50.353337
       42.603796
       29.124150
       41.031840
       32.444209
     -0.59316345
      -2.4675497
     -0.40866432
      0.39624102
       1.8462721
      -1.5389963
       3.1514181
      0.92392878
      0.68435481
      0.46883929
    -0.048216985
       1.3235066
       4.5764347
       11.962117
       12.437811
     -0.71291556
       3.0808476
      -39.529200
      -11.472056
      -5.0316419
      -2.8237783
      0.67622496
       6.4577219
      0.30668672
     -0.38782541
       8.6703275
       2.2792852
      -8.8122678
      -21.821754
      -14.662120
      -3.7945995
      -4.1156699
      -36.546868
       1.9802949
      -1.9947611
      0.53703800
       2.6325033
       3.1887220
      -71.378410
       27.073736
       56.354886
       88.579436
       48.491653
       4.2397489
       2.7300976
       2.0859463
       2.0278690
       4.0751301
       2.5693838
       17.046803
       1.6008733
       2.5165340
      0.33375557
    0.0017660649
       6.7326742
       24.730715
       24.470828
       19.399924
      -45.595217
      -7.7170637
     -0.97260455
      -24.580764
      -3.9187886
     -0.62303562
     -0.59917602
      0.73609558
       1.3709778
      0.91771031
     -0.39250059
   -0.0020814060
       12.205483
      -1.2041956
      -1.0867960
     -0.49577119
    -0.019910395
      0.54097158
       18.333347
       94.397503
      -6.2519935
      -3.8103105
      -1.1441804
       15.025556
       13.111741
       11.675379
       8.0897132
       9.9410799
       11.415379
       8.2802496
       1.8559751
      -29.026928
       2.3397605
       3.2395414
       14.978763
       8.9503399
       15.566272
       8.4266486
      -60.019128
       44.581980
      -6.3161852
      0.61724607
       1.7397715
       34.263141
       4.5018319
       2.6660042
       23.606052
       5.1215950
       3.5182627
       2.2305825
      0.64326521
       8.1890718
      -2.7457337
      -20.308476
      -8.3340368
       1.7427772
       3.1443516
      0.69422892
     -0.41786305
       202.05516
       220.41761
       15.333883
       12.827789
       5.1331063
      -3.4066634
      -10.370580
      -56.832596
      0.43107361
       22.685397
       12.819457
       9.6869015
       34.845165
       92.774864
      0.17697114
       1.9746314
       22.125696
       3.5267217
       6.7131958
       23.875043
       4.5020502
     -0.65748847
      -2.2010291
     -0.76003491
       9.3510748
       10.514809
       36.925131
      0.26152996
       7.7511254
       9.2198590
       3.9725971
      -1.7764405
       466.58592
      -20.382775
       79.531356
       315.55872
      -1.0217103
       2.5116293
      -1.1628595
      -1.6137216
       2.1568282
      -6.2941046
       3.1077626
       2.3867964
       7.8274147
      -4.1313261
       6.4514987
       5.4962777
      0.97189705
      -6.1221588
      0.26232887
       1.3703225
      0.26749528
       18.054369
       76.971853
      0.56533663
       2.7846177
       11.936827
       28.566711
       19.564344
       9.4114629
       15.056444
       10.512222
      -1.4201545
      -6.7571641
      -19.679972
       84.392828
       105.52537
       2.3638960
       10.948276
       12.232658
       1.9676989
       1.2155388
      0.37813746
       5.2164099
      0.49596052
       2.2498714
       1.3970298
     -0.56162523
       229.75486
       174.35040
       294.70559
       393.13478
       1.5248951
      0.50880073
       1.7737673
     0.063097809
       2.5306335
      0.36671186
       48.974636
       5.7270955
      -3.1983866
    -0.016252681
       1.6026295
      -2.0530931
      -4.0667610
       2.1974329
      -2.1817197
      -3.6271780
     -0.18119301
       1.5328199
       14.092247
       89.101741
      0.49562586
      -1.0824831
       10.388182
       1.5282164
       4.2248027
       171.66024
       85.498858
       13.890640
       7.4845815
       3.0123649
       1.1023115
       114.00847
       13.722493
       16.595199
      -28.637883
      -258.12838
       11.900874
       37.411146
      -178.63432
      -301.08531
      -79.641285
       20.002126
       165.69277
       123.83006
       16.590350
       18.289890
       37.068838
      -4.0548179
       5.8258361
      -10.417515
      0.27046813
       2.1897714
       67.544942
       190.11576
      -1.4149195
       2.2479700
      -4.0147271
       3.8948115
       316.54756
       167.43077
       298.06313
       567.66883
       213.80029
       7.0080013
      -2.3543627
       19.727847
       19.835276
       21.115408
       18.367891
      0.31828713
       6.1247421
       2.8330684
       2.1559084
       6.6013049
      -15.363119
       2.0858131
       1.4420105
       48.979483
       2.7753928
       5.7319504
       2.3413397
       20.518657
       14.381106
       1.4380842
      -20.797412
      -144.91562
      -271.53140
      -53.888291
       192.17618
       706.33228
       551.63630
       318.17204
      -5.6335335
      -32.028655
       106.61969
       6.5808600
       4.1035749
      0.52877046
     -0.39404725
       38.929461
       9.5731304
       9.2659041
      -1.2214798
       554.37204
    -0.018216585
       2.3452930
       1.2937145
      -1.4438240
     -0.81416419
      -199.90121
      -185.76562
       22.768035
      -269.87787
      -84.214456
       11.693160
       102.19571
       146.10813
       45.495495
       6.3466335
       10.359148
       11.389106
       34.444015
      -21.266394
       11.784922
       1.8356400
       12.344559
       8.2983665
       179.27013
       210.44081
       24.092298
      0.56410064
      0.48902121
      -1.1659994
     -0.74123215
       136.45064
       242.61024
       528.36908
       186.06542
       3.9264329
       2.3767253
     0.089118870
       2.3661530
      0.29148884
       5.6247987
       9.0208655
      0.70357339
     -0.44756842
      -3.3039230
     -0.73778125
     -0.25446658
     -0.54943288
     -0.60201391
       15.081261
       107.46256
      -18.009837
      -30.878757
       110.78807
       97.340943
       118.17109
      -29.782110
      -63.185540
       155.31313
       125.95250
       140.31787
       63.227673
      -11.181975
      -381.56311
      -146.29714
       72.267030
       107.04274
       68.249168
       209.30551
       168.21656
      -7.7651183
       3.7082183
       2.6123443
       6.3931234
      -64.117932
       6.6943411
       2.7467170
       42.113080
       175.63984
       231.08278
    0.0080282668
      0.17917547
      0.33406773
    -0.055793459
      -3.9309954
       17.721092
       450.71190
      -2.3502799
      0.48723557
       81.999807
      -10.597941
      -17.420711
      -73.323972
       94.049933
       116.92785
       148.54394
      -9.1494206
       8.6748552
      -124.72423
      -175.39702
      -229.72808
      -394.45950
      -143.73369
       105.17884
       71.334031
       199.63435
       205.06166
       135.01244
      -3.8035658
      -51.393207
      -66.760818
       7.6429674
       8.9210475
       17.636816
       132.00649
     0.049043186
      0.39741665
      -1.2142275
     -0.83306556
      -1.0145683
       125.70750
       35.014797
      -18.408918
      -22.756410
       2.6907576
      -5.3077841
      -9.3696873
       70.842916
       52.050336
      -3.6680643
      -23.423053
       170.31790
       25.257725
      -70.424872
       192.53134
       43.642679
      -17.574323
      -14.246813
      -123.19528
      -201.58777
       131.60119
     -0.71445206
      -9.5980352
      -17.143912
      -22.200172
      -3.4281366
       19.578691
       14.646308
      -4.1724704
       70.285061
      -5.5624033
      -22.909517
       70.317574
       35.781241
      -62.800088
       217.29915
       142.90887
       40.651487
       11.356344
       131.10209
      0.71156978
     -0.18538595
       19.154927
       96.791937
       28.256774
    -0.070513724
       2.2265261
       4.7948274
      0.22563448
      0.86467451
       10.916250
      -16.712680
      -4.3275750
       7.3773541
       6.9163418
      -1.4468933
    0.0041214450
       14.605905
       9.3487109
       14.632543
      -3.8868358
      -6.0583792
       75.960323
       63.020128
       33.867355
       1.1572125
      -15.504107
      -17.725646
       71.487362
       17.791674
       1.7035623
       57.696586
       17.453483
       29.129371
       90.353152
       9.4812106
     -0.89280386
       4.3848222
       10.812019
      -5.2336774
       3.4556198
       1.2896708
     -0.64630109
      -2.0317248
      -1.1235105
     0.048644776
       26.140491
      -16.760920
      -6.0782626
       19.609878
       39.747470
      -2.5182698
       3.3542809
      -25.661526
     -0.11072627
      -16.970158
       14.899952
       23.200551
       7.1019692
      -9.4909158
      -10.397560
       38.134936
       8.5304119
      -8.1607588
      -4.4804861
       60.727548
       8.7317203
      -1.7399572
      0.20401701
      -2.5454613
      -1.5086234
      0.45090600
       3.2237516
      -16.614619
       4.2139938
       14.318179
      -11.853999
       28.511307
       71.329881
       3.7676662
      -34.843758
      -2.1570387
       52.084641
       11.800309
       6.5105711
       6.1356592
       20.194194
       16.976011
       2.0957272
       60.037908
      -5.7419741
      0.85214020
     -0.27785369
     -0.33308416
       57.805781
       44.020159
      -16.254760
       21.251411
       12.706319
      -1.6932223
      -9.4165485
     -0.68319604
       3.0128061
    -0.066063057
       1.7411105
       8.1583105
      -3.3449544
     -0.83398084
    -0.018025957
       5.6002366
      -1.6731238
       75.220365
       2.2296718
      -25.597458
      -6.2990030
       33.563570
       29.797125
       56.807170
       65.011676
       13.946402
       3.6013490
       15.901224
     -0.91002021
       2.3323059
       12.291124
       44.610290
      0.24343862
     0.071006219
     -0.11208707
      -2.3145729
       1.4100334
       13.915682
       36.576622
      -3.0803954
      -9.9893003
       9.1621936
     -0.38529147
      -5.0457018
      -4.6671684
       8.2659504
       63.152365
       29.054433
       57.593466
      0.15308827
       208.25613
       1.1903511
       8.3734620
       79.679489
       8.9508339
     -0.59025876
     -0.80879648
       1.4164530
      -1.4906287
       79.714138
       6.1808629
      -6.8983164
       15.866509
       45.921137
       16.416983
       12.934802
       29.645141
      -8.7660655
      0.33020606
      0.53442045
      -1.8897030
      -1.8695633
       4.2435009
      -1.0357404
     -0.44597552
       1.8922982
       10.336050
      -6.9873979
     -0.94525091
      -4.9178490
       1.2688185
      0.42814349
      -24.073643
       20.351461
       62.262172
       27.378460
      -1.3363454
       1.1087127
       9.7954229
       14.478404
       9.3626662
      -3.9090109
       115.46050
       75.400094
       9.1650526
      0.79117791
       3.4120545
      0.81612702
       1.9016376
       316.43909
       4.5594549
      -195.00256
      -142.55712
      -130.54521
      -315.73749
      -240.83992
      -56.119740
       165.41101
       639.96635
       362.61510
      0.59234297
      -45.891079
       17.893056
       14.727214
       6.4372403
       54.122673
       3.9646161
       8.2418942
      -2.0992688
     -0.88458435
       603.00139
      -1.1059675
      -2.2263111
       7.5111618
       4.6409798
       131.22254
       2.3146365
     -0.37557688
       7.9079866
       15.932356
      -3.8876603
      -2.2019782
      -2.8579009
       70.823210
      -9.5353825
       18.736720
       17.872453
       12.599312
       14.681420
       6.3213475
       39.457478
      -7.5428949
      -1.0372281
      0.43281932
       4.0467541
      -1.6328948
     -0.18781256
      0.90925125
       6.3143353
     -0.13653200
     -0.95417148
       3.1374011
       30.592526
      -11.527822
      -1.7997244
       125.70424
      -17.747281
      -17.697741
       29.080533
      0.33542765
      0.10799836
       8.0475212
       8.8064040
       5.6172371
      -9.0269136
       111.05055
       12.570108
      0.62544893
       1.8022702
       7.0727474
       16.999588
      -10.194627
       17.301253
       1.3797923
       60.774553
       32.967581
       10.397765
      -5.5984068
      -1.4173670
     -0.40558816
    0.0012467643
       4.2780642
       1.5713169
       2.4389080
       2.2754137
       1.0929692
      -1.1776609
     -0.72889200
     -0.23293399
      0.47191566
       3.0579309
       7.3424713
       4.5746164
       21.541528
      -1.8221976
      -4.9102923
       2.0546473
      -1.4391260
      -10.855850
       3.8569573
      -2.8991992
      -18.731926
       2.7638119
       8.7353744
       3.0829425
      -5.4194451
       26.993559
      -6.0207047
    -0.073702080
       21.121472
     -0.23193799
      -2.3042874
       4.1405413
       31.068448
      -2.6040184
      -1.3062933
      -35.414795
       2.2926484
       6.2008917
       20.312518
     -0.13172156
       9.3825042
      -4.1921398
       13.469280
       3.0568707
      -1.0235451
       59.312620
       23.940843
       7.3519350
      -5.2633953
      0.69673741
      0.45325676
      0.41677175
      0.29649437
     0.019601662
      0.54574992
      0.90133750
      0.40854910
      -1.3460776
      0.27044351
     -0.27673698
   -0.0016759969
       8.9645030
      0.57603702
     -0.11294057
       9.2809452
      0.15277960
       14.967817
       76.403219
       66.231266
      0.39593620
      -2.9356325
      -8.6093333
      -6.8520102
      -4.1517317
      -17.089876
       6.3629902
       12.121568
       5.7027442
       1.1459585
       34.954718
      -10.280019
      -3.7424158
      0.83317557
       5.2447397
      -2.5600541
    -0.024797476
     0.045529947
       2.7524861
      -20.615410
       4.5199144
      -2.9436100
       1.8709077
       87.287354
      -1.0939778
     -0.99646746
      -15.558677
      -3.0642753
       156.68924
       169.05944
      -3.4499691
       31.341506
       137.47444
       64.929570
       10.555224
       10.691290
       19.179606
      0.75396369
       11.242417
       15.527287
       24.519571
       48.381550
      -2.0803930
       11.668702
       3.4113371
       149.77773
    -0.037266317
     -0.19659769
      0.22603944
     -0.27747216
     -0.58544956
      -1.0342123
       2.3260359
     -0.63468295
   -0.0083785500
      -1.3797914
       1.6842356
       3.7807050
       2.5583319
       27.824387
       19.078471
       2.3681934
     -0.28595368
    -0.047029258
       2.2292193
       183.15475
       199.44247
      -3.9697145
       49.517135
       81.029220
       7.1925886
       15.026198
       15.239587
      0.84413804
      -5.9161012
      0.91799650
       12.943125
       8.9239965
       2.4226557
     -0.45613441
       161.12291
       2.5969240
       1.4350733
      0.48225130
     -0.18255404
     -0.21945795
     -0.75827919
      0.28507914
      -1.3818583
      0.31909841
      -1.3689524
      0.44204806
       6.6253937
      -1.1740307
       275.19680
       2.3493675
       9.2995584
       6.2065589
       1.3957931
       10.900085
       3.9541133
     -0.97461486
      -1.0782520
       12.796456
     -0.61015992
       2.7471770
    0.0096871924
     -0.52559318
      0.51379295
   0.00026333540
       96.184051
       53.277699
      -5.1533359
       1.0747877
       4.5026244
      -1.1301521
     -0.15603240
      -123.43193
       86.759637
       1.6954922
      0.35016614
     -0.17900488
       37.572958
     -0.79252712
       110.41335
       144.13291
       12.178710
       44.471389
       9.7004697
      -3.2293947
       17.416912
      -3.3744459
      -23.338705
      -67.632536
       37.897168
      -17.140609
       3.2448566
       2.0277526
       4.8519112
       209.42917
      -211.36783
       8.4112700
     -0.80277224
       2.3148127
       10.762594
     -0.73383598
      -10.028461
       11.632294
     -0.20630431
      0.68826268
      -3.3779618
      -3.3429900
      -1.2596858
       90.626893
      -7.0921009
      -8.6353259
       3.9130408
      -83.766225
      0.83576614
      -1.5032177
      -2.0780906
       17.539829
      -21.719861
      -12.460397
       143.97928
       175.63377
      -2.2472244
       7.4442082
       62.248638
       16.621852
       15.187327
       41.842338
       14.607074
       29.746332
      -8.7964686
       12.375098
       10.944342
       3.8596897
       2.9488750
       7.0006809
       479.17002
       507.08838
       298.82300
       216.71555
       22.960917
      -14.527852
       1.6870231
       60.003007
       21.407587
      0.81887439
     -0.53933582
      0.12453652
      0.52931350
      0.21866530
     -0.28051270
      -19.088345
       5.3215231
       10.579602
       8.6462432
       10.480857
       16.026296
      0.95098237
       3.6614773
       3.2357155
     -0.14068914
      0.55324280
     -0.97668767
      -1.0888359
     0.045566266
     0.022826337
       84.770944
       8.3362077
       2.0987015
       4.0673517
       5.1242998
      0.56822436
     0.050642460
      0.10783883
       5.1074204
      -76.794831
       79.691330
       605.33194
       555.08513
       220.90666
       22.643105
       6.5398443
      -2.2725814
       8.7028625
      -2.5627466
       17.013617
       3.7013802
      0.62152041
       15.495022
      0.73716826
     -0.81892959
       1.4197648
       2.0325154
       68.663792
      0.63949799
       14.003014
       2.8315840
     -0.53313123
       3.0501794
       3.0445175
       18.596104
       5.7599697
      0.48367237
      -3.3059444
      -2.6584367
      -5.8447614
       1.4971734
     0.040540214
      -4.1590782
      0.63119062
      -1.7507813
      -1.8793436
       4.0442481
       3.7345918
     -0.99089328
      -1.6132003
     -0.53277144
       17.555615
      -13.214329
      -13.559871
      -28.473103
      -10.244109
     -0.29427466
      -4.0072995
       9.3213649
      -3.2638535
       9.3746690
      -3.6350918
      -8.2801188
      -7.2809995
      -20.973252
       2.0151621
       178.84620
       164.00393
       125.65155
       25.989128
      -93.386328
      -215.80823
      -256.59126
      -123.05296
       48.871043
       536.16068
       287.15889
       12.471086
       53.133925
       179.28636
       13.113851
       4.4349848
      -17.644274
      -15.520490
      -34.262476
      -22.962511
       11.367157
      -6.8555057
       18.473427
      -5.1336240
       25.790098
      -4.8600286
      -16.318805
      -12.250619
      -3.7107533
      -17.629344
       160.66037
       180.90787
       68.288033
       21.084261
       16.472321
       69.714607
      -31.707692
      -232.50038
      -166.96928
       39.762188
       254.13865
       312.72828
       70.368882
       91.819501
       38.155793
      -11.230149
      0.58611094
       6.1556806
      0.42476047
      -9.6626425
      -2.2094177
       3.1648809
     -0.12174105
       81.622316
      -1.3171888
      -15.979904
      -34.200940
      -3.2791279
       2.8405288
      0.96493148
       8.7926116
       410.25346
       63.992293
      -12.185986
       6.5690644
      -1.2732618
      -11.864202
      -20.359798
      -22.948171
      -9.2133054
       1.2197534
      -5.8436707
       2.9264344
      -4.8239055
      -11.284104
      -12.571367
       1.4033870
      -3.8578036
       26.619058
     -0.73484077
       1.6949122
      0.56039357
       9.5245444
       1.8586691
       5.0079270
       17.900292
       46.231982
      -15.019983
       4.6760583
       9.7901929
       28.198731
       64.061502
       21.526472
       46.103792
      -11.163040
       1.2334314
       101.59393
       34.906971
       7.1495120
       9.7831643
       21.660991
       6.5074120
       2.6870036
       58.248060
       47.855507
      -5.0566475
      -37.790480
      -12.685212
      -3.3131797
       4.0725753
     -0.30788592
       6.6178788
       140.56238
       110.41869
       2.5629836
      -3.2873724
      -9.8925330
      -16.488744
       1.2517790
      -6.2930875
      -5.6134466
