       10.920737
       20.321850
       5.8150517
      -10.054108
      -35.444454
       1.9456108
       6.6916360
     -0.13494954
      -23.826250
      -72.992565
      -54.875796
      -59.152211
      -48.146792
      -16.976288
      -6.8614878
       9.5555433
       14.167097
       27.802589
       27.166913
       14.828234
       11.135429
       3.7048635
       15.361231
       1.5915025
     -0.49677343
     -0.32202605
       4.0954672
       7.6304914
      -2.1033135
      -4.9645057
      -2.1220877
     -0.70159746
      -4.7570272
       5.8015800
       2.2026885
       8.6457866
     -0.91270889
       12.751633
       6.2189434
       18.016837
       10.903738
       14.326718
       13.149611
       13.745825
       17.893059
       4.5468247
     0.074601584
      -1.7958705
       1.2375441
       6.6720537
      -21.430344
     -0.89762675
       4.0686852
      0.47062465
     -0.28180467
      -1.2440091
       2.8845323
       37.100299
       22.113600
      -3.4062648
       2.7875080
      0.69851495
       1.2509318
      0.26212050
      -6.7747067
      -9.5955151
      -1.1003264
      -9.3942086
      -10.708234
      -13.173910
      -12.055495
      -20.978737
      -23.576021
      -24.165899
      -7.6088457
       3.8341712
       8.1159543
       23.135756
       48.382251
       59.417380
       37.440396
       1.9010544
     -0.98035702
       7.6913497
      -3.1737419
       1.8094236
      0.10603593
      -2.9051495
      -2.3308578
      -1.0822730
      -3.4072200
       3.6532696
      -4.8289446
      -5.2057295
      -8.6509965
       6.1925130
       3.3138981
      -8.7493458
       10.192880
       5.3650608
       24.192796
       18.163277
       7.5225745
       3.8173657
       3.1308401
       3.0995260
       8.5282445
       14.824751
       13.913225
       8.7465022
      -3.8684993
      -4.5490371
       1.6967421
      -5.3074353
       4.4945302
       8.8727014
       1.8389776
      -8.8906820
      -39.610470
      -52.268387
      -79.434440
      -24.624343
      -48.378737
      -13.291177
      -6.5360643
       1.8432939
       14.714611
       13.851109
       15.278355
       18.308458
       10.014071
       8.3242314
       4.7872078
       12.444987
       3.1649993
      -3.2088734
       2.9399841
       3.2496035
      0.25222384
      -2.8305564
     -0.93248630
     -0.45531036
      -7.0071778
       5.9508923
      -1.9707127
     -0.31941277
     -0.34922774
       2.1388352
       6.7738943
       8.8157971
       10.053232
       12.497105
       15.726915
       7.6973498
      -2.1178834
      -15.918336
      -4.8489542
      -3.4552055
      -42.819889
      -6.8810096
      -31.816932
      0.23157863
      -6.8912661
      -5.5736989
      -1.8117971
      -1.1425867
       9.9612445
       1.3753190
      -1.4823680
      -1.1507285
      -1.0446911
      0.64729933
      -10.730599
      -36.211256
       5.1459274
       13.086485
       7.0757326
      -9.5438117
       5.9623645
       26.787274
       24.255393
       13.795347
       21.909487
       22.957281
       28.012480
       19.724343
       13.565771
       7.8301528
       4.3046809
       1.7547781
       4.8740626
       15.713036
       18.294864
       16.349474
     -0.21134830
      -5.3498137
      -4.9960453
      -1.2033531
       7.3982457
      -1.6116732
      -10.160064
      -48.836887
      -132.08064
      -64.789799
      -80.451651
      -15.326118
      -10.535873
       9.0731616
       12.450458
       19.495161
       25.024857
       9.4276663
       4.0532002
       3.0449805
       9.5938485
       6.3631278
      -1.3898424
      -2.7229935
       2.4940738
       3.7900766
       2.3650468
      -2.4671079
      -1.4170526
      -1.7839799
      -1.2731131
       11.052734
       6.2908940
     -0.81827072
       1.2337832
       2.2334180
       5.3010084
       6.6231704
       9.6925378
       6.8697339
       11.856186
       10.075189
      -2.9051552
      -22.841958
      -6.1151443
     -0.36177787
     -0.27443406
       5.8655945
       1.4715061
      -4.2332082
      -3.5791556
       6.8978103
       14.398572
       9.7341722
       1.2816573
      -11.666658
      -20.487657
      -26.590385
      -7.2477942
       23.048389
       44.776963
       80.540056
      -2.1945372
       14.135569
      -171.21560
      -42.611138
       41.449385
      -41.613436
      -3.8552755
      -3.9370131
     -0.69203945
       10.330295
       4.2288733
       5.8300740
       8.1429478
       5.4031932
      -1.2235365
      -3.2724262
      -4.8665906
      -9.3971502
      -40.176603
      -4.2480409
     -0.29344162
     0.058554639
      -1.6257108
      -4.5479531
      -4.8184508
      -8.1230513
       1.6290702
       4.5053541
       4.2666570
      -2.6080598
       12.938316
       14.389447
       23.710277
       17.161827
       10.352512
       8.4264168
       6.3400017
       4.4567309
       4.9082282
       14.384801
       17.068623
       17.873283
       2.4354795
      -4.9730682
      -6.9339494
     0.086351656
      -5.9379429
       8.7624273
      -3.0016575
      -49.056557
      -59.773836
      -60.077217
      -13.012479
     -0.86924893
      -6.0524279
      -9.3591199
      -3.0565953
       3.6028102
      -3.4537710
      -6.0338527
      -3.9926415
       4.2814228
      -32.416449
    -0.098792650
      0.32717983
     -0.93274432
      0.71173623
       2.1079690
       2.6786883
      0.99333417
      -4.5098786
      -10.699532
      -18.603671
      -4.7481321
       9.8859191
       74.909368
       54.319922
      -2.3606753
      -77.518138
      -41.234182
      -54.190033
      -6.0089215
      -5.8647143
      -1.8624770
       16.255127
       2.3291172
       39.812620
       1.6855992
    -0.014831785
     -0.89557878
     -0.83527079
      -3.2717300
      -8.9218114
      -4.7184613
     -0.37224925
     -0.17754789
      -1.4915222
      -1.3082304
      -3.2136245
     0.035682076
      -1.5191758
       4.1350339
      -2.6347594
       6.0632597
      0.33507910
       11.628177
       7.8409312
       5.8699836
      0.81618291
     -0.61096869
     -0.31654097
     -0.54406798
      0.50999754
     -0.81936108
       4.0864239
     0.051903989
       3.0372119
      0.83099243
       18.750930
       1.7079848
      -55.829968
      -144.39109
      -185.76237
      -63.191605
      -40.381521
      -8.5337609
      0.27258195
       42.495113
       36.142895
       43.880494
       49.911987
       68.977033
       51.824732
       18.398409
       16.543429
       4.3637001
       17.211415
       10.284412
       4.5912381
       2.5609704
      -4.7371636
       1.9596061
     0.097540967
     -0.91284077
       7.1909908
       4.3434838
       7.5067943
       2.0861446
       6.4460271
       3.1928997
      0.19850766
     -0.24617622
       1.8963825
       1.2220886
       3.3672797
     -0.44526397
      -3.1641899
      0.95902537
      0.19812057
       3.8711385
       8.6285468
       32.269634
      -2.4548356
      -7.3466434
      0.54235407
      -3.8592756
      -4.4516634
      -1.7637050
       2.9265313
       1.3688302
       3.8881786
      -5.1686659
      -13.398980
      -35.607182
      -9.5569714
       8.0703813
       32.806313
       48.559898
       68.450137
      0.20536906
      -231.94383
      -47.909940
       78.812500
      -171.79249
      -213.39431
      -39.659485
     -0.76241762
      -6.6550323
      -3.6570150
     -0.38649333
       2.4549878
     0.061290221
       1.2343907
      0.44051484
      -2.0634805
      -1.2187346
      -50.537025
      -28.086709
       45.518132
       25.151341
       58.878546
       48.209133
       74.420291
       63.332584
       27.317012
       18.691391
       6.6636086
       20.033470
       12.875596
       11.160532
       4.5742419
       6.1706623
       3.6405737
       4.4790676
      0.39844461
    -0.037702780
     -0.32529824
       4.8486246
      -6.4851447
      -6.9594863
      -4.1291091
      -1.2503745
       1.8840393
       4.0434321
       3.3667693
       4.2614163
      -1.9098373
      -5.5391559
      -9.0991717
      -9.1326165
      -1.7884342
      -11.370465
      -27.265738
      -25.050154
      -22.041323
     -0.35755129
      0.17114352
     -0.46166291
     -0.11828253
      0.55837595
       1.9825191
      0.54354581
     -0.79281161
      -6.0678870
      -18.708754
      -8.0428314
       1.2935333
       15.367359
       80.832103
       52.670523
       9.7905700
       48.875907
      -155.47648
      -75.332499
       114.56632
      -190.79076
      -363.77352
      -6.3823975
      -7.9989349
      -4.7363185
      0.56702618
      -8.8304319
      -5.9216987
       2.3993849
      0.31931695
      0.11691341
       1.0004276
     0.040002056
      0.23783288
      -9.9512770
       3.2622342
       5.1021747
      0.97242505
       2.0623606
      -16.241258
       8.1888741
       11.748709
       4.3529001
      0.29612879
      -3.3818840
      -1.9980198
     -0.33095902
       1.1315227
       4.6223909
       2.7568625
       2.3616205
      -18.059075
      -18.159058
       7.4125304
     -0.42791484
      -104.49072
      -70.401509
      -4.9042566
       6.9682385
      -22.402811
       45.668178
       27.612876
       48.382641
       50.231120
       65.332345
       62.060879
       17.882843
       14.766348
       19.582918
       18.094486
       8.7458238
       1.6150769
       4.6653514
       2.5679508
       3.5331054
     0.066874715
     0.041306725
     -0.10512315
       1.3938689
     -0.31703437
      -6.8484530
      -3.6680788
      -2.3052122
      -2.8722637
       3.0955426
       7.7649677
       5.4211476
      0.72412433
      -2.4948987
      -20.731691
      -16.495943
      -8.7131199
      -7.1659831
      -23.339212
      -30.150444
      -6.1105198
    0.0016674120
     -0.27790256
    -0.022571325
     0.067159903
      0.43150982
      0.64802476
     0.028794335
      -3.6447131
      -13.395051
      -12.420845
       1.1804950
     -0.47164888
       2.6424271
       6.3150598
      -5.6110181
      0.20033097
       2.6833997
      0.37905648
    -0.072622241
      -19.145318
      -30.761606
      -8.9077976
       9.2029697
       4.4933993
       16.177872
       6.9089552
       2.4167009
      -7.2401531
      -4.7169351
      -1.5773385
       5.1441706
       12.080316
       6.6324348
       9.0196570
      -5.4266144
       18.434948
  -0.00090283632
      -39.546158
      -33.414105
      -1.1735369
       4.7880895
      -17.173143
       46.301836
       27.518520
       43.343739
       45.742105
       59.032182
       60.364650
       33.543279
       18.973834
       12.780958
       17.330734
       13.861831
       6.7245262
      -4.9961742
     -0.70122676
      -4.1907313
      -1.2559533
      -2.0453991
      -3.0415514
      -2.8612396
       6.0389821
       2.1176637
       2.2215249
       2.7244454
      0.43764400
     -0.34370977
       2.2256319
       6.1151737
       6.5811028
      0.51554376
      -5.7584277
      -5.8878848
      -2.4448553
      -4.3710269
       8.6459531
      -10.214901
       1.3769631
      -1.9108281
      -1.8000722
      -3.4964607
      0.76681718
     -0.27954748
     -0.22681453
       13.002011
      -6.8170019
      -9.4720285
      -8.3109644
     -0.86360191
       4.5592279
      -8.2050509
      -1.2313652
      0.97469446
      0.23047311
       6.3704985
      -2.1678932
      -3.7415504
      -2.3449470
      -1.8950667
      -1.0151323
      -1.1491698
      0.31624261
      -2.0036510
       6.8898410
      -6.6882112
      -19.181870
      -12.135635
      -10.817826
      -13.317224
      -6.5805588
      -5.5342571
      -5.1847671
      -9.9882739
      -2.2532804
      -2.2236368
       1.9636403
       2.1515122
       3.7724355
       1.1709913
       5.1109615
      -3.1683705
       5.5543178
       5.9227941
       5.4538415
       3.9684894
      0.81122184
    -0.040248276
      0.67041816
       1.8632872
       3.0884577
       5.7728476
      -12.372857
      -16.371299
       5.1596795
       7.8098929
      -113.20762
      -54.773461
      -21.532409
      -3.7085267
       12.157772
       15.069677
       11.230370
       32.570519
       29.907955
       6.9702681
      -5.8112143
       14.124314
       9.7607084
     -0.69545839
      -2.1731230
       5.4447314
       25.799395
       31.426662
       36.797917
       11.752563
       5.6075941
      -1.6656923
      -3.9543439
       5.3692786
       3.7827287
       2.3714832
       3.0500210
       6.4795536
       6.3065625
       14.786586
      -1.4235953
      0.32177268
       3.7764145
       2.2808003
      -1.3556987
       3.8894943
       8.5557486
      0.24567267
      -1.5891585
       3.5768724
      0.94393656
      -1.2045107
      -1.8930608
      -2.9430405
      -8.1593205
      -1.3262019
      -1.1101008
      0.46179897
      -4.7305172
      -2.6569345
     -0.33080030
      0.40087896
      -5.2775874
      -4.3222284
      -1.1004552
      -6.1722688
      -4.4815477
      -1.7689047
      -1.8978814
       4.0480020
      0.80127503
      -8.8905396
       4.4219531
       1.3201859
       5.5168081
       10.934581
       19.032816
       10.637976
       2.6275045
      -3.2772880
      -3.9409613
      -4.2640146
      -1.2119355
      -1.9672819
     -0.35119109
       3.9687734
       5.0502754
       5.1482618
       50.393711
       23.944667
      -1.1427011
       4.4444264
       2.8104168
       5.2241594
      -2.1840765
      -6.2656634
      -5.5896303
     -0.64240816
      -1.0049006
     -0.79298706
       1.8473018
      0.28988257
       7.3484513
       7.2352237
       15.256789
      0.59390800
      -8.7215555
      -5.8137272
      -2.7271375
     -0.73635595
      -6.1591302
       1.2836519
       5.9023752
      -1.5098460
      -2.0073041
      -9.6134843
      -5.4108126
      -4.4105280
      -6.2264270
      -4.5777390
      -2.5184473
      -2.4924488
      -3.0170304
       1.3953306
       1.9276387
    -0.073510051
       1.1931651
       1.1003656
      0.32635748
      -6.4559998
       109.33303
      -4.9294153
      -8.9914691
       9.3209512
       5.7226972
       12.437290
       3.4302314
       5.7544517
       3.0890318
       1.2665365
      -1.4157669
       3.2935205
       6.2395504
       14.076454
       11.697375
     -0.78133676
      -6.9509219
      -66.275242
      -31.078659
      -7.9887830
      -2.9111677
      -35.382299
       93.362949
       19.874457
       18.145055
       39.465960
       39.719293
       33.127759
       23.161375
     -0.36722100
       1.7465495
       5.1879802
      0.34262556
      0.35638817
      0.84702798
      -1.7027369
      -1.8141811
      -1.0395856
       1.3113896
     -0.64796870
      -10.482667
      -12.801797
      -10.639329
     -0.66911271
       1.7052606
      -3.6774215
      -14.977107
      -13.417716
       11.106845
       2.1134798
      -3.6998857
      -9.0940134
      -8.6025456
      -5.2016745
       6.3216372
      -18.459799
      -23.839863
      -30.370920
      -21.131967
      -12.556338
       4.5846780
       9.9465085
       8.6609227
       6.0227127
      -1.5122058
      -10.303220
     -0.44872141
      -2.2715915
     -0.29095413
      -8.0221293
      -3.1973774
     -0.75998445
      0.26589517
       1.2572834
       7.9110492
       3.4735732
      0.75821134
      -3.2260710
      -4.9730609
      -1.7945400
      -2.2026285
      -2.1365997
     -0.11013687
     -0.23892915
     -0.31882928
      -1.8037033
      -17.878276
      -13.362273
      -7.8138642
      -19.512513
      -7.6058455
      -7.3680460
      -3.1658344
      -3.9308456
     -0.11221381
      0.38240831
      -2.0354437
       9.5461992
       5.6410784
       2.6036461
       1.4040955
       4.0686617
      -3.3571507
       1.0690719
      -2.9713227
       16.482964
       2.5279867
       18.062701
       25.148272
       15.907994
       43.938274
       23.023576
      -1.8532014
       1.7543856
       7.5960655
       3.9446784
      -1.1819264
      -2.3468066
      -7.4975397
      -12.902066
      -11.363285
     -0.98855962
      0.94404791
       1.7883047
       1.8509764
       4.4427548
     -0.10975014
     -0.20993994
      -12.599578
      -28.721698
      -36.749655
    0.0024695042
      -1.9324269
      -3.2433423
      -4.1132034
      -3.7775633
      0.18347048
      -13.120739
      -21.034889
      -23.511895
      -18.683207
      -8.0303359
       2.3975481
       6.3324945
       5.2342771
       3.3403124
      -1.7768767
      -5.1769066
   -0.0010966499
      -2.9553907
      -1.1947085
       1.3320957
      0.37257413
    -0.030336052
       1.1804529
       9.7500787
       18.068928
       10.797713
       3.1895159
      -5.7862654
      -8.5971598
      -6.0914337
      -6.3005473
      -6.6252914
     -0.63477387
       2.1871990
       8.6314221
     -0.33674772
      -9.1885482
      -6.4179279
      -5.8192160
      -5.8373878
      -2.3529911
     0.084052349
       1.1727203
       1.3585444
      0.67338688
      -10.673361
      -2.1458059
       4.8311564
      0.50150182
       1.5862759
      -8.7739860
       133.47339
      -13.690448
      -3.9172933
      -2.7753039
      -33.528275
      -12.028218
      -7.9257480
      -6.3912165
      -2.3824100
     -0.86372942
      -2.7160893
      0.19835796
       7.8088548
       1.2038768
      -5.0914582
       5.7590093
      -24.013922
      -21.023139
     0.091182214
      0.74854914
      -6.1835431
      -6.9385703
      -6.0864783
      -7.2821954
      -3.9576309
      -4.1746116
      -5.6654593
       7.1144697
    -0.090762811
     -0.51740757
      -10.792906
      -7.2984760
      -3.1131822
       1.1736969
       7.5925929
       2.9466183
       3.1314790
      -2.0303408
      -2.8872100
      -3.3864261
      -9.1893470
      -2.6498920
     -0.26403785
      0.26380867
     -0.29779256
       4.7277725
      0.73402286
      0.48394706
      -12.827170
      -10.962510
      -35.756143
      -18.895535
    0.0014632125
     -0.66950801
      -3.8725245
      -3.4698817
      -5.5593577
      -9.0790882
      -16.992950
      -21.929673
      -24.462413
      -22.533142
      -17.495436
      -8.2441737
       4.4295905
     0.053897435
      -11.584985
      -6.0413544
      -3.8785333
       3.4838259
      -5.5277180
      -1.7325153
     -0.53310100
      0.10935172
       5.7217767
      0.77927091
      -5.8863153
      -21.326045
      -50.259850
      -2.5197421
      -49.309660
      -21.053522
      -16.428638
      -10.180514
      -4.3916477
     -0.73775983
    -0.072393838
      -1.0175044
      -11.714749
     -0.10385038
       4.4482483
       5.1868510
      -8.8676649
      -19.409561
       10.817351
     -0.93245766
       11.890382
      -1.7044137
      -4.4688590
      -2.8653636
      -2.1665433
      0.59261025
      -1.3621583
       4.8391132
      -1.8756506
       4.0001860
      -3.9826644
      -6.6584871
     -0.44947707
       5.2596327
       8.8938208
       7.5008622
       4.8669233
    -0.094058259
     -0.56723607
      -3.8478632
      -9.9560471
      -2.3735680
    0.0051781515
     -0.59373908
       1.6141608
       5.4988087
      0.14875489
      0.56553147
      -15.273573
      -9.8165717
      -24.139915
      0.47555282
       7.5196669
    -0.094968951
     0.037667581
      -1.3283702
      -1.8508338
      -2.1453464
      -3.5969406
      -10.585848
      -19.308778
      -18.456214
      -12.928954
      -5.9685204
     -0.72850909
       10.349404
       3.9761411
      -9.0810870
      -2.9739294
      -2.3364105
      0.41346285
    -0.017530694
      -3.5487685
     -0.19108423
      0.12728813
      -9.7746602
      -29.917287
      -6.5330269
      -3.6446154
       29.721241
      -53.823628
      -55.072666
      -1.7371151
       7.9774004
       24.237981
       2.2782617
      -2.2646700
      -12.383224
      -13.579346
      -31.896703
      -35.787214
      -19.780953
      -29.476877
      -21.804989
      -27.632174
      -18.971643
      -2.7770014
       9.3230166
       15.386468
       17.222560
       52.287067
       70.036795
       62.861044
       1.9785193
      -6.7381478
      -1.6646353
      -7.1128635
      -16.722064
      -65.370735
      -27.879409
      -7.1742776
      -7.7710264
      -6.8314456
      0.51659342
      -8.2093074
      -3.8855008
     -0.38362437
  -0.00017916352
      -3.2004463
      -28.114892
      -7.1796490
       6.1258471
       5.0023624
     -0.25832650
      -1.3743768
     -0.23598198
      -13.353744
      -9.6444742
      -10.147553
      -8.0650841
      -2.7247783
      -4.4773416
      -6.8255805
      -4.2578266
       10.425324
       11.216645
      -7.4593127
      -4.6812033
       1.2952328
       8.3738351
       16.298331
       8.4739781
       3.8438392
      0.64988720
      -5.5004576
      -13.451037
      -14.010688
      -5.9055279
      -4.5999967
       14.317587
       2.5400786
      -1.2668644
      -7.1615130
      -5.2486301
      -3.1861076
      -7.0708264
     -0.49774723
      0.38139141
     -0.22939939
      -23.820575
    0.0026215777
       2.1388937
       21.523762
       4.6281787
     -0.99602588
       7.8057435
      -4.2353951
      -11.392356
      -7.5519180
      -9.3757015
      -9.9500139
      -16.280694
      -10.261495
      -1.9094272
       8.5954360
       10.099390
       10.846426
       23.095667
       46.026829
       57.505400
       6.5330498
      -1.4144977
       4.3450949
       1.1499017
      -1.0686172
      -37.472907
      -19.809053
      -5.5834302
      -4.3912342
     -0.23184851
      -23.272969
      -21.269549
      -16.275616
      -2.4816228
      -2.4160445
     0.052948740
       14.187944
       22.265697
      0.95752381
      -7.8351579
      -12.685376
      -2.9117507
       14.038543
       3.9594768
       19.268149
       1.4082647
      -1.5937296
      -2.9308343
      0.30074112
      -1.3188620
      -2.5479779
      -1.9383482
      0.15609157
       7.2664650
      -3.2044607
      -1.0543022
      0.81090674
       3.1893546
       6.3285484
       6.5526094
      0.81100604
      0.15094068
     0.060209806
       1.9909500
       7.9208551
       3.6427380
     -0.25016569
       4.7236373
       13.098520
      -8.5117074
      -12.245596
       19.030990
       1.9659189
      -1.0884758
      -2.6897485
     0.019497463
       5.3415140
       7.4720092
       3.2201113
       2.8918678
       2.4225048
       6.0439774
       5.1867920
       6.3820361
       6.3229580
       8.0905957
       4.7117265
      -2.1718162
      -5.2534937
      -9.4001333
      -9.8515557
      -4.4935331
      -11.357563
      -10.081550
      -10.468781
      -13.857325
      -23.512175
      -6.6291955
      -1.6322025
      -3.2139714
      -5.4853698
      -1.8861187
      -1.6425696
       4.2813732
       10.590479
      -8.7010576
      -6.1721885
      -19.567031
      -27.050077
      -22.192057
      -18.196930
      -14.048546
      -21.624607
      -15.985583
      -11.050353
       2.4385910
       8.6930758
       14.326251
       29.432596
       64.875617
       67.522637
       36.263368
       6.9592863
      -5.2303806
       2.3784527
      -3.9916353
      -2.7939759
      -46.004493
      -25.819126
      -16.611144
       4.3223029
      0.16480939
      -6.3427695
      -15.535845
      -5.5071228
      -1.6851212
     -0.34617367
      -5.2627758
     -0.96416612
      -7.8839332
     -0.25166192
       11.323985
       17.496300
       25.091608
       4.0902759
       3.0844327
      -5.4522279
      -9.4260839
      -5.2091785
      -13.645502
      0.51688547
      -2.7440996
     -0.41029142
      0.46506111
       1.5619598
       3.0955576
       1.5185983
       2.3011842
       2.0275249
       7.0253940
       8.5292226
       4.0926492
      0.91335313
     -0.57883184
      -3.5928001
      -2.0396089
      -5.2406612
      -3.0585261
      -4.3168939
      -3.7934214
      -3.5793155
       8.8612622
    -0.087043159
     0.019914692
      -2.7745797
       4.6120968
       3.2162752
       6.3766061
      -1.8680741
      -10.463317
      -12.320226
      -9.9885755
      -11.416524
      -12.127859
      -10.359835
      -9.9320973
      -2.5092219
       3.5373952
       6.0185405
       8.8721521
       42.065716
       49.230152
       41.684849
       8.6067341
     -0.54295686
      -1.2956451
      0.95286108
      -18.999348
      -37.734489
      -18.324730
       1.2131727
       1.2239304
     -0.31859049
      -23.416984
      -55.523735
       46.643108
       13.324083
      -4.3908202
       3.2953726
       6.4420650
       7.0012294
       3.0384975
       4.4770283
      0.42465839
       5.2950491
       2.4236989
       1.1818062
      0.45516421
      0.29028485
      -2.4728762
       2.7927424
       3.2675641
       9.4202496
      -5.9110635
      -19.223613
      -56.773401
      -79.480955
      -57.578390
      -22.480323
      0.41873003
       55.031816
       25.307434
       15.643770
       6.6604574
       8.3455076
       5.7109523
       13.536085
       20.241999
       14.092483
       18.427223
       8.8169574
       5.2202279
       3.6748229
      0.70243780
      -5.7689869
      -5.6806782
      -3.8962860
     -0.94689248
      -3.9027754
      -3.5637201
      0.95035378
      0.80104014
      0.82730863
      0.74590934
      0.98872348
       1.0317753
       3.4906556
       1.9334691
       4.9620848
       9.7644255
       5.9234977
     -0.15657464
      -3.2457276
      -5.9902374
      -3.1858424
     -0.85606434
      -1.4713076
      -3.8972018
      -2.1443781
      -4.9339444
     -0.40653916
       2.5627553
       8.9601766
      -3.5649752
      -44.772622
      -14.989265
       1.1665720
       3.3258491
       14.376043
       4.0703905
     -0.29708038
      0.38649892
      -72.530495
      -21.113860
      0.23684089
      -3.8432734
      -3.9965045
       5.4612671
       26.326656
       34.596787
       35.353639
       16.914443
       5.4741487
      -6.1423433
      -7.9930936
     -0.41141309
       4.5197047
       3.0257098
       4.0086116
       7.7572457
       6.3862304
       11.902127
     -0.48062820
      0.20093355
       2.3896433
       3.4753218
      -2.7564896
       2.0368190
       2.0127266
     -0.12827326
     -0.45068866
       2.3367542
      0.29107707
    -0.091904157
      -1.1655725
      -3.4217536
      -8.9558879
     -0.90335410
     -0.98177298
      0.73102588
      -7.1805952
      -2.1648896
      0.36367669
       1.7344287
      -3.3997562
      -3.0066519
      -3.3572596
      -4.8663929
      -4.5314179
   -0.0011025682
      -1.7491738
       3.6926917
     -0.16467438
      -5.9838545
      0.34197203
     -0.74660035
       2.5151264
      -3.7528161
       3.7581226
       11.588434
       8.2787159
       2.8714232
      -5.4080816
      -2.9553672
      -5.2154759
     -0.81265129
      -1.3061463
     -0.16829296
       2.0770503
       6.3616334
      -3.4383936
       65.142460
       75.920032
       216.48965
       4.0856503
       39.075513
       37.721080
       15.061036
      -1.0568382
      -4.9778355
       3.6810274
      -2.4483694
       1.0566359
       4.3458644
       4.5709942
       1.2066671
       3.2812456
     0.049937713
       1.1433585
       1.6929638
      0.74594041
      0.16408956
      0.43684192
      -1.5316309
       1.0315784
       7.9733982
       3.3325400
      -10.453814
      -23.267687
      -48.904604
      -86.662794
      -56.716132
      -62.307826
      -7.3781071
       68.235674
       23.916785
       14.265031
       8.2381794
       10.065627
       10.283867
       12.489119
       16.766293
       21.667115
       9.3869915
       3.7388503
       3.4179494
       14.279604
     -0.13660340
      -5.6693610
      -6.2342405
      -9.3987153
       1.0565072
      -7.2652257
    -0.051691550
     -0.89397385
      0.38371061
   0.00084786786
    -0.056842064
    -0.024251291
    -0.015516722
      0.14669784
       1.2051844
       5.8498449
       4.0458125
      0.58723395
      -3.4803929
      -5.7701863
      -2.9508398
     -0.30063836
      -1.5092913
      -2.3494383
     -0.78242833
      -3.0047726
       2.0573429
      0.85307685
      0.51384418
      -44.385234
      -16.224341
      -12.734547
      -4.7074661
       3.8009515
      -66.474496
       2.1700492
       4.8783062
      -2.3439037
      -7.9064737
      -26.189128
       1.0485202
       9.3475304
      -16.760135
      -11.437034
      -2.5414799
      -4.4220112
       1.0613035
      -2.8185615
      -5.2801240
       5.1614876
      -1.4784736
      -2.6365601
       2.7653546
      0.75506194
      -7.1203176
      -3.9674337
      -4.3183399
      -2.9575056
       2.5515925
       10.279114
       8.3343898
       12.825479
       11.772230
       3.7540115
      0.98034432
       20.802649
       19.327554
       19.853949
      0.16775245
       6.2063846
       3.8750069
       4.7800700
       3.0606893
      0.46377447
       3.4166671
       3.2684753
      0.92212601
       1.5030338
       1.4479773
     -0.85831759
      -6.1022589
       2.8238193
      -2.2575242
      -2.9781522
      -14.785475
      -36.326863
      -70.024518
      -100.78282
      -81.039911
      -27.802674
       33.282138
       148.12059
       3.5642320
       24.874420
       23.757197
       5.7322528
       6.3055631
       9.5795582
       17.966908
       20.334873
       15.258099
       11.029732
      -6.3106274
      0.43887389
      -3.1772474
      -7.7427689
      -3.4460769
      -10.984207
      -8.2415352
      -22.613470
       31.206308
       1.5805074
       1.9506777
       1.1374779
      0.46829210
      -23.052481
       5.2301013
      -15.323921
      -26.249971
      -6.2684685
      -2.1582184
      -3.4412458
      -1.5684896
      -2.0652410
      -1.2942450
      -6.1556971
      -5.3056684
      -4.5968025
      -6.3195337
      0.75545792
       3.5437605
     0.063071839
       8.5406474
       18.479405
       21.665380
       24.204437
       20.676158
       23.788737
       6.3470573
       10.755627
       34.954749
       29.699945
       41.567598
       17.268568
       19.277168
       11.680300
       10.981755
       7.1046674
       8.1375784
       10.156268
       5.8826239
       1.5464146
       7.3167820
     -0.29576193
       1.3438192
      0.81912876
      0.66362662
       1.5639104
      -1.6315895
      -7.4782793
      -22.359091
      -47.168051
      -50.537424
      -63.445051
       31.397265
      -3.9376899
       23.762485
       6.1142791
       3.0802082
       2.3549151
       12.473875
       13.977998
       11.043369
       10.157855
       4.7295610
      -4.4142036
       3.5654416
       19.286054
       8.5324227
      -1.8134259
       2.3404289
     -0.69749513
      0.73098247
      -5.3109832
      0.40097175
       2.9004923
       1.1412833
       1.6322883
       15.771222
       20.429832
       8.9247087
      -6.8343887
      -15.760641
    -0.012939369
      -2.0721855
      -8.9615141
     -0.77613541
     -0.85903096
       59.876719
       17.646712
       3.3179660
       1.7723950
     0.059131497
     -0.57580480
     -0.74153776
      0.80462203
       4.8833222
       4.3111949
       5.7777063
       2.2252069
      -3.2607435
      -3.1847248
       1.2560450
      -17.877071
       62.096742
      -2.7163654
      -2.7433643
      0.20411357
      -24.024299
       7.4374940
      -12.845025
      -18.160189
      -11.413837
      -6.6913628
      -2.1078023
      -2.3827900
      -8.5086986
       3.5437947
      -3.1297213
       5.8157233
      -2.1650256
      -16.163828
      -2.7917906
       1.3846938
       4.6312139
      -3.0566457
       5.7798596
       14.340767
       12.890104
       7.7055430
       4.6911807
       3.3924882
       1.9431924
      -12.869237
     -0.46132521
      -6.8727013
      -4.4615080
       9.4216267
       2.9077835
      -1.9546090
       2.1522816
      0.66548455
     -0.25063181
       8.9130436
       9.1598843
       7.3985170
      -2.0353058
       4.9850174
       7.5172823
       3.9552938
       5.3905866
      -7.8677830
       8.4339537
      0.85524764
      -5.5926492
      0.92068124
       3.2312921
       61.877994
       13.419274
       8.2796935
       3.5966442
      -1.5269983
      -3.7246697
       2.0580957
       1.8292719
       8.2462868
       8.3942824
       3.9494673
      -2.3308049
      -4.9993326
      0.18872752
       7.9796130
       29.829452
     -0.33525980
       1.1619284
      -27.865150
      -76.923056
      -2.0836685
      -11.297248
      -8.1174705
      -2.1562002
     -0.50015257
      0.37588962
      0.59649941
      -4.0612248
      -2.8278403
      -4.3650473
      -4.1929851
       9.0421789
      -5.2567157
      -38.813976
      -17.783115
      -4.1557129
      -3.1749106
       4.8509936
       23.554482
       22.470220
       4.7868559
       44.981693
       17.142235
       4.0926524
      -3.4523376
       2.4772578
       20.406821
       15.120282
     -0.43508322
      -2.5390777
      -32.747324
       4.5205813
      -10.006022
      -1.2528221
       2.7237403
      -1.2892225
      -26.676437
      -53.829138
       3.4111569
       10.086105
       15.193947
       32.960743
       26.467193
       17.028378
       18.344867
       4.1149253
      -4.2601334
       2.5219879
      -7.0108026
       1.4182125
       11.534773
      0.20653476
      -1.9832162
       1.9805302
       2.7414059
      -3.5023145
     0.064718366
       6.1063834
       8.0370061
       8.1220093
     -0.93874326
       2.4708843
       5.0613082
      -6.6725956
      -2.6186215
       5.0951121
       10.658698
       31.690216
      -4.1753067
      -18.931489
      0.23477412
       7.2595906
       9.6698652
       7.3008992
       5.8266502
       2.4189559
      -2.5143635
      0.12360566
       5.4491675
       3.6428292
       12.859653
       14.209108
      -6.2239616
       2.1611153
       1.6204152
       9.2681342
      -10.567601
      -1.3805781
       6.8714281
       23.689090
       39.437085
       18.546992
       5.8966722
      -5.4495186
       5.6943372
       19.302316
       15.897185
      0.11171306
      -1.5515952
      -80.887307
       2.9101799
      -9.5171842
      -3.2623012
       1.7363621
      -32.428657
      -73.993461
      -9.9712365
       78.743884
      -2.5668861
       11.413537
       32.588612
       20.703865
       14.772911
       19.685597
       4.4180697
      0.47168715
       7.2436664
      -6.7926827
      -5.8494820
       10.987008
      -1.9561566
      -2.9573546
      0.72192993
       2.9962143
      -1.0286735
     -0.26259970
       1.1674918
       6.3912273
       1.5134683
     -0.80541691
       2.7034796
       9.1570170
      -4.3496170
      -1.0888701
     0.036165342
       8.7588288
      -5.4044124
      -3.2669077
      -1.6172899
      -3.9989198
      -3.0102030
       7.3267176
       3.5046110
      0.55727960
     0.059236873
      -3.8910001
      -5.9325459
      -3.7528135
      0.12705692
       5.6148638
       7.6017265
      -6.7635305
       2.0428323
      0.68973562
       10.734840
      -9.0700051
      -11.308550
       51.324264
      -2.7209992
       9.5863455
      -2.9404988
      -34.522505
      -8.0188614
      -4.9402394
       7.8248184
       27.057328
       23.814595
       1.4281518
      -1.9609379
       2.5756947
       3.6712083
      0.40502164
      0.23817170
    -0.032020366
       2.8570620
      -8.4584117
      -5.1008766
      -1.3770965
      -1.3886647
      -1.6944974
       1.7926747
       2.2498289
   -0.0016484299
      0.33118469
       2.7949611
      0.59205812
      0.42268167
    0.0023325251
      -3.2998065
      -5.9087619
      -6.9078590
       3.8980923
       6.3039044
       7.5013190
       7.5379969
       11.737393
       12.229436
       21.467257
       22.011847
       22.822067
       9.6172931
     -0.97613777
     -0.63554261
       6.8470717
       14.399643
       4.4021423
     -0.81519169
     -0.58592188
      0.95200541
      -6.5657169
      -3.5267515
      -10.833724
      -2.6463237
     -0.24048878
      -22.694607
      -54.804985
      -5.2686879
       12.141039
       51.257852
      -5.9585583
     -0.98163913
       11.591793
       6.6891726
       5.0853912
       12.870091
      -1.1261326
      -5.5644683
      -5.2322250
       6.3308875
      -3.5061260
      -5.0394156
       14.943617
      -8.2379700
     -0.86070670
      -2.9369988
     -0.81423790
      -1.4347823
      0.88582650
       12.580807
       3.1223192
       6.2946711
      -3.8298459
     -0.14184206
      -5.4020337
      -9.7402357
     0.085399998
      -1.3407971
       3.7265129
       5.2053946
       3.7149532
       2.1223645
     -0.88749097
      0.22747670
     -0.69586777
      -3.4248517
       1.2943351
      -10.863139
      -15.409628
      -8.0555149
      -1.8950234
      -2.9631118
      -7.5470933
      -7.4315941
     -0.59071704
      0.45431068
       1.6390724
       10.542701
       2.5849388
       5.8618260
       3.5002032
       3.4016317
      -2.9638848
      -4.9027127
    -0.058428187
      0.76008656
       1.4774820
       1.7006219
       2.8138914
       3.8044613
      0.12635459
       7.4424315
       8.7345218
       9.7412175
       2.3482737
     -0.80574912
      -1.5448928
       2.6785367
       4.9103589
       1.9220399
       1.5478268
      -19.060507
      -1.6220706
       16.606342
      -8.1514984
      -5.4409249
     -0.52736465
       6.8236873
       14.288173
      -20.065898
      -79.791485
       9.8216600
      -17.045356
       71.571276
       11.774903
      0.14935206
       22.336297
       22.612206
       25.358688
       20.545446
       6.7932426
       22.297080
       16.423862
       11.709869
      -1.8304603
       52.918278
      -25.259225
       13.496480
       1.6802874
       15.166061
       16.170639
       14.785587
       3.0530702
      -25.378309
      -21.509154
      -35.004723
      -26.087353
      -7.6577781
     -0.23732205
       2.8616814
      0.40309178
     -0.18509739
       20.884119
       63.162054
       40.733678
       9.6921137
       21.030115
       12.341110
      -4.5029582
       7.1757136
       9.3873375
       10.516711
       3.8557607
     0.086842525
       1.5616151
       2.9379215
       1.6082170
    -0.087976386
     -0.19212880
     -0.67449954
      -1.4434806
      -1.0182352
       19.446554
      -8.2158144
      -2.2299327
      0.41548024
       7.7798799
       16.260778
       11.435839
       8.1455739
      -2.5157320
      -1.1560765
      0.61334085
       1.7606793
       5.2217829
       2.5678461
       4.7050547
      -4.2037887
      -3.1765365
     -0.11798814
     -0.69086931
      -1.4366566
      -2.4951094
       1.3887403
    -0.067229643
      0.24377490
      0.93173246
       1.2268699
       1.4791082
     -0.79694579
      -2.1083856
      -8.5528391
      -8.9794484
      0.82997206
       5.8616862
       11.219660
       10.079380
       17.942692
       19.547141
       11.563805
       3.2606589
      -1.8318951
     -0.78767938
       10.942412
       6.6553693
      -1.8089136
      -3.5665028
       151.93133
       22.268046
       29.084519
       2.0699309
      -4.9846911
      -5.2377664
      -5.1870889
      -4.7976997
      -7.6782836
      -2.1354789
      -4.6189928
      -10.672116
       2.2095657
      -11.373004
      -5.1874414
      -5.1926557
      -5.2332309
      -7.0234788
      -3.9399946
      -2.0023979
       1.5403774
       42.625315
      -2.0999748
     -0.84142756
     -0.11015652
     0.099704638
      0.51504250
      -46.966121
      -111.85346
      -43.613377
      -3.5147546
     -0.56821746
      -3.0739467
       3.1502780
       13.486701
       19.006963
       39.127043
       17.235906
       2.7767797
      -4.4970022
      -4.3835209
     -0.76084183
       6.3437476
       2.1992279
       1.1742975
       3.9213866
       4.6283894
      0.83343741
      0.21648644
     -0.62424719
       2.0618245
       1.6022379
       5.9895043
       3.2925724
      -1.0783663
      -2.4074114
    -0.088507273
       1.8603790
      0.95924734
     -0.35903298
      0.55280417
      0.15020672
      -6.3332965
      -3.3314601
     -0.42369835
       1.3819407
       1.1794383
      -1.6046452
      -3.5651853
      -2.6989037
      -4.0581731
     -0.52572019
      -5.2293711
      -6.3658448
      -2.0753638
     -0.33650679
      -13.470583
      -3.8219710
       3.2040129
      0.63481987
      -3.6081475
      -6.6041559
      -3.0681177
       24.850026
       76.288679
       45.264414
       8.7880471
       28.401143
       21.394853
      -10.909025
       2.0503161
       9.2411608
       24.257657
       9.3051004
      0.51853778
      0.57066097
       5.7775137
       5.0266528
       3.6070295
     -0.60426259
       3.5413358
       3.7511841
     0.044102122
      0.61107498
      -3.4274504
      -2.7860605
      -1.1775454
       1.6735458
       3.5837391
     -0.20383268
       2.3745414
      0.11130997
     0.017150001
     -0.34550264
      -4.8618034
     -0.81651717
      -14.459159
      -4.8399707
      -5.4741322
      0.27631719
       1.7964690
      -1.2506207
      -9.6700191
      -1.8086711
      0.76042687
       1.5356626
       5.2066110
       8.2921297
       7.2408533
       13.975745
       5.7918420
       4.0776750
      -3.2536721
      -2.3667263
      0.45613551
      0.17895380
       1.0312793
      0.72262947
      0.66685265
       7.2081528
       3.4554350
      0.18092191
      -1.1457865
      -2.5383309
      0.14834153
       1.2997989
       2.7256632
       9.4493300
       30.330467
       86.865207
      -1.7970474
       17.770494
       18.716043
      -6.9186922
       1.6735117
      -12.002716
      -8.4365825
      -11.774165
      0.58973965
       4.1153812
       7.9823200
       9.9416070
       8.7920743
      -4.2654134
      -2.4732736
       3.9655055
      -4.6359946
      -2.0107256
      -1.0588033
     -0.56425968
      -2.6410299
     -0.50929572
      -2.9645719
      -5.1161383
      -3.8871303
     -0.73406891
       1.0754711
       4.0960676
      -2.2080734
      -2.2365534
     -0.40598165
     -0.87154010
      -16.826466
      0.21016869
      0.59408480
     -0.33097942
      -1.2186838
     -0.78153624
       11.817617
       64.390084
       51.911065
       47.767339
       34.145277
       31.584034
       14.802581
      -9.2798542
     -0.98514119
       12.251324
       13.545557
       10.586936
       3.4925711
      -1.5633345
       5.1967020
       4.6901353
       3.4389025
      0.70799707
       2.2217259
       2.6714581
       6.8354666
       1.5789841
       4.2673918
      -12.932606
      -13.709662
      -3.0711600
      0.56679576
       5.6326695
       2.6762482
     -0.58782889
      -2.1135026
      -1.3356114
     -0.60701968
       9.9498286
       1.4004791
       19.814314
       13.883563
       5.6364496
     -0.15003648
       12.986430
     0.077784826
      -1.5404590
      -2.4619006
      -4.5161547
      -1.2754423
      0.25608437
       3.8094827
       8.0294891
       9.8322284
       6.8599309
       5.9254285
      -4.1158015
      -4.7087465
      -2.5423462
      0.96714242
       3.1913640
       1.2107768
      0.68683885
     -0.20201061
       1.5325563
     -0.57716658
       1.4409574
       2.2980838
       2.2077017
      -10.754693
      -7.8817828
      -8.3206681
      -6.5506183
      -9.8199878
      -15.017875
      -3.7605690
      0.59476750
     -0.56563500
      -1.4345959
      -3.2489947
      -3.4990092
       7.7412056
       62.598486
       53.367207
       49.682617
       27.326344
       29.695213
       7.5626515
      -13.411925
      -6.8596923
       11.525839
       15.536600
       11.490362
      0.46798116
      -6.8811359
       4.9919293
       3.6301248
      0.64667525
       1.8759466
       6.5454794
       11.883881
     -0.67496447
      -8.4497581
      -1.9973391
      0.46929944
       1.6539817
      -1.2632317
      0.25467545
     -0.46011313
     -0.78715784
      -10.779519
      -12.938501
      -10.544833
      -19.443041
      -10.525937
      -3.9722864
      -10.834909
      -13.199114
      -9.7192811
       5.6145601
      -9.8973746
       2.3214028
     -0.88584043
       11.128883
       18.936941
       16.512846
       6.2298552
      -21.091402
      -6.4991434
      -9.5151298
      -14.740362
      -48.537720
      -11.035826
      -22.782114
       1.4399974
     -0.85152659
       16.586781
       62.336596
       1.2609174
       27.580610
       12.621261
       2.6678832
     -0.76246529
       6.1651953
     -0.77520586
       5.2722039
      -3.0242841
       8.4547382
      -13.802871
      -9.3233734
       6.7704735
       11.498113
      -2.4745228
      -2.2764821
       13.248991
      -5.4287454
      -8.1903530
      0.73953144
     -0.77874359
       13.594310
      -2.6924461
      -3.1507003
      -11.471088
      -4.1468884
      -7.0896933
      -3.7737898
      -1.3479023
     0.069520100
      -3.3942223
       3.8636060
       3.2733716
       15.414429
      -3.0329061
      -8.7001024
      -10.883985
      -25.780536
      0.99320715
       1.8470078
       2.4731150
       3.7960040
      -4.6830122
      -7.2383258
       27.821946
       40.385231
       6.6228130
      -7.3700249
      -5.2442480
      -3.6073644
      -4.4669836
      -9.8100231
      -7.7047596
      -5.8407778
     -0.64130018
      -8.3794747
      -4.0868232
      -4.3107590
      -7.9285905
       6.9320542
       2.4924628
       14.007716
       18.167209
       12.519316
       6.9862381
      -14.854746
      -2.4338626
      -4.9721896
      -11.531435
      -36.795055
      -14.454034
      -11.671402
       14.284987
       7.3809762
      0.49628218
     -0.45305183
       30.573203
       75.335721
      0.86918747
       11.155810
       8.2271055
      0.87220385
     -0.48772599
       9.2854960
     -0.27508123
      0.82653581
      -6.9606703
       5.1260996
      -6.9138332
     -0.90541507
       2.3783496
       4.8073452
       5.9488295
      -1.2713774
       1.4961832
      0.28996438
      -2.9282245
      -2.6211686
       1.1855254
       4.4132582
       1.4543042
      -1.1402514
      -3.3705184
      -1.5827743
      -3.1490075
      -1.2873576
      0.77241104
       1.1566884
      -7.2518917
      -3.5222912
      -4.7886902
       1.6948368
       11.660026
      -2.6704425
      -15.761955
     -0.14604765
    -0.017015549
      -1.8395334
       2.8636744
    -0.054917594
       1.5078171
       3.9595736
       4.9583322
    -0.017323982
     -0.14564462
    -0.041196310
      -1.2207263
      -6.2530501
      -6.9045822
      -11.024375
      -10.848981
      -11.895374
      -12.909594
      -8.7792978
      -2.9957582
      -4.1064866
     -0.81970362
       1.3414352
    -0.088354473
     0.060435271
      -1.0901781
      -14.625185
      -16.367991
       2.6012409
      -6.1556187
     -0.79569131
      -3.2316761
      -11.963948
      -4.5265813
      0.33461080
      -8.4877204
      -5.3043406
      -5.5652011
      -7.5538187
      -9.0381455
      -4.5329695
     -0.35887465
      0.30988071
      -6.4782444
      -5.6638933
     -0.59750455
       7.2918389
       9.7254380
       7.1352349
       1.6482893
      -9.3368057
      -9.6296599
      -2.0393102
      -4.0319888
      -3.7430931
      -23.349175
      -17.125383
      -20.840228
       14.580063
       8.1386090
     -0.84599334
     -0.91831589
      -11.955269
       12.547117
       39.036088
       48.003387
      -8.5090365
       1.0994397
      -6.8351108
       30.159721
      -2.7297488
      -11.988379
      -29.867373
      -29.491597
       1.4383340
      -1.2251689
      -1.5745159
      0.87460193
      -1.6340852
       12.435674
      0.70383458
     -0.51584179
     -0.20144620
      0.69158870
       5.0554689
       8.9847207
       7.2367127
       1.3811959
       1.5162795
       4.6766514
       2.3443048
      -7.1877813
      -13.033026
      -9.0704144
      -12.070540
      -13.449428
      -6.1954347
      -7.6550699
      -2.0558835
      -3.5813677
      -3.0762440
     0.035166674
       1.4318455
       2.8123470
     -0.95012451
      -10.918559
      -8.6114907
       10.817574
      -7.8485878
      0.66507982
       5.6585406
      -8.6832585
      -4.2150603
      -2.0058822
      -7.1190377
      -6.3708096
      -8.0976457
      -7.1714682
      -5.0352978
      0.99303626
      0.99920569
       5.4376600
      -1.7092267
     0.027433041
       8.8408444
       18.280319
       18.383759
       20.357651
       8.1972974
      -14.541770
      -14.094071
       2.9985285
      -1.6616851
      -2.6393759
      -26.703252
      -24.902884
      -9.3810342
       23.009485
      -1.3873141
     0.040853769
      -4.6060042
       7.1308520
       24.154206
      -2.5265033
      -6.3148092
      -6.7375895
      -21.652975
       21.198125
       21.081980
       6.5488847
      -4.8068066
      0.22601991
     -0.98948388
       10.305016
      -3.1640154
       7.6679151
       49.767800
       1.6627012
     0.029438254
      -6.9955301
      -25.109790
       11.121028
       26.239455
       9.0288440
       8.3413641
       7.9668642
       11.146237
       7.0096181
       3.7341085
       5.5840890
       29.364790
       2.9609595
      -6.5752241
      0.94710440
      -2.2996181
      0.50960686
      -2.5697653
      -6.6072912
       4.2874745
       11.364053
      -3.2397158
    -0.022181129
       2.1018193
      -4.6478985
      -2.9882012
       3.9591490
       3.4009018
       2.4632880
       4.9006154
       7.5136621
       4.0909479
      -5.4412906
      -12.427240
      -13.138796
      -9.2124493
      -12.871323
      -13.281245
      -6.8975204
      -4.5673989
      -3.6672088
      -2.7965427
     -0.87035618
      0.62481260
       2.8052248
      0.24753082
      -10.747974
      -11.199222
       4.8051754
      -2.2011126
      -5.0599710
      -1.8009254
      -7.4367598
      -7.8759701
      -6.2055401
      -4.1478312
      -4.3817341
      -9.5534306
      -11.578307
      0.10085890
       10.311239
       17.902913
       11.756495
       4.8122803
      -5.5440209
       15.397165
       30.471077
       38.445724
       5.4871910
      -5.2806621
       4.1411614
       1.4694180
      0.34833504
      -1.0379084
     -0.82600572
     -0.78252108
     -0.70142453
     -0.28062969
     -0.38834928
       1.4562886
       18.268556
       2.0718889
      -15.675552
      -11.535941
      -12.467178
      -9.3720103
      -7.6589760
      -91.982435
      -92.618898
      -14.412320
       25.695808
      -19.297605
       5.7395256
       5.5564571
       5.3336298
       1.7447142
       11.255517
       11.806508
       7.3377399
       10.925662
       30.475033
       9.1173616
      0.45068301
       4.3595027
     -0.66601670
     -0.51524902
      0.87242975
      -4.6181143
      -2.9052713
       1.5860813
      -1.1321731
     -0.70892298
     -0.19890932
    -0.024136273
      0.76336526
       2.1968156
       2.5530124
      0.43341097
      0.15216156
       3.5250667
       2.0685707
      -2.8694016
      -11.833929
      -12.223732
      -8.1992406
      -8.7211376
      -8.3364104
      -6.4956583
      -4.8941911
      -4.0013686
      -2.1575891
      0.10657293
     -0.45354968
      0.33880979
  -0.00024779356
      -7.9318966
      -24.545617
       1.0979813
      0.89980930
      -1.7039589
      -4.1709414
     -0.14400816
      -7.3614013
     -0.24470523
     -0.51874965
      -4.8076041
     -0.60065107
      -9.4387866
      -5.0948848
      -6.6494103
       1.3868271
       8.8160283
       3.2180309
       1.5124840
      -2.8779778
       11.395501
     -0.20412618
       1.2817577
       2.6368894
       13.000642
       14.230584
       20.023601
      -7.3909355
      -1.0451037
      -5.0306691
      -9.6658872
      -7.3326799
      -14.733575
      -45.625505
      -14.211174
      -3.6419224
      -2.9822040
      -9.0393997
       11.221214
       26.804235
       23.342253
      -8.9271460
       1.8200510
       4.0032800
       6.4586385
       6.2824115
       3.9744198
       10.191861
       2.7217666
     -0.14832081
      -2.6191400
      0.23989852
       14.234573
       5.1817741
      -10.501300
      -4.8807663
      -7.3999928
      -12.749352
      -30.310029
      -91.013608
      -48.887960
       26.054472
       34.585071
      -9.7856944
       6.8703150
       5.5246682
      0.22187462
      -6.6375083
       4.7252455
       3.8010215
       6.0835005
       1.7872555
       2.2229042
       20.571805
      -2.5286399
       2.6394942
      -1.7070072
      -1.2739751
       1.4916886
       1.3824626
       1.2670568
       22.886489
     -0.48760486
    -0.099617961
     -0.95431969
      0.17776288
       1.1378957
     -0.46956717
    -0.040745441
       10.955576
       6.4916877
       7.4759590
     -0.88785146
       98.231418
      -11.015376
       23.604745
       2.9860253
      -2.2306961
      -2.3893429
      -3.0062250
      -4.1066076
      -2.9446420
      -3.0787465
     -0.30067257
       1.6603822
       3.0871746
       5.5038597
      -8.8861233
      -6.1318125
      -3.2837438
      -3.4962199
      -3.8480088
      -2.3478179
      -1.5750614
       1.6443370
       6.6228277
      -1.7908572
      -1.9245353
      -1.2364949
     -0.45766522
      0.60116349
     0.017298410
      -41.526576
      -131.53630
      -26.325060
      -11.499889
      -3.9105746
      -5.0887534
       2.9320850
       16.086563
       23.479755
       75.934676
       37.732115
       16.552911
      -1.0410421
      -6.0199134
      -5.6348484
      -1.1312665
       7.6662125
       1.8286271
      0.95148440
       4.4475493
       5.0206762
      0.30454835
     -0.12594923
      -1.7698221
       3.0046129
      -3.2708969
      -2.6951484
      -3.7466065
       1.5419563
       1.5337651
       4.5185691
     -0.57769018
    -0.095373779
     -0.49077536
      -2.4371647
     -0.55556817
      -6.1367833
      -4.1428886
      -1.5947262
      -3.0406501
      0.61072407
      -3.1463607
      -7.0727292
      -4.8856203
     -0.37878187
       3.7298553
       2.3587286
       13.010193
       20.354697
       27.636024
      -2.3735171
       19.193033
       43.133429
      0.82377607
      -1.8846627
      -4.0851240
      -7.0420331
      -3.7137614
      -3.2204791
      -6.3422832
      -8.1946477
      -9.3257335
      -7.3220669
      -2.2927373
      0.77599571
      0.80326512
      -3.4371933
       4.3443057
       16.119892
       18.690796
      -7.1422629
      -1.4853745
       5.0004978
       5.0585018
       3.6141950
       2.5833362
       4.4146978
      0.66257263
     -0.23187179
     -0.30645962
     -0.48562447
       1.9188754
       9.7999733
      -7.5245083
      -3.1246105
      -13.978230
      -10.822574
      -79.541372
      -76.924012
      -48.029445
       33.868057
       49.099881
     -0.88986166
      -7.2971466
       10.287937
       25.082720
       9.0489828
       9.4327245
       11.503462
       19.382795
       4.7569454
       5.3197156
      0.65531431
      -5.6664683
       6.0793030
     -0.96786310
       4.2712465
      -4.4207350
      -2.6027787
       1.0535705
     -0.97621929
      -8.7574041
      -9.4641276
      -12.624215
      -30.011391
       8.3524448
      -66.376279
       10.004064
       29.695946
       17.449217
       5.5485129
       1.9518093
      -2.6195517
      -3.8116931
      -5.6035666
      -3.6334123
      -2.4307760
      -2.0666339
      -4.4411664
      -4.2740197
      -2.7204952
      -2.5039136
      -1.0232002
       31.071257
     -0.80143098
      -27.942284
       7.2310930
   -0.0066471544
      -5.5672182
       1.6508404
       9.5801963
       10.164362
       1.5700218
       2.0346514
       29.371890
      -1.9867736
      -4.3400455
      -5.3354065
      -2.3986503
      -2.3020836
      -3.6877601
      -2.3560746
      -7.9366326
      -4.8271964
      -1.4989902
       3.1696807
       4.7798643
       15.302108
       24.875276
      -3.8951022
       1.1019278
       7.5279885
       11.090109
       6.9453700
       3.3853038
       5.9362700
       3.9500498
       1.2794382
      0.86907089
      -1.3360544
    0.0096157906
       12.737109
      0.40169459
      -2.2711749
      -9.8204570
      -5.5032955
      -24.974703
      -24.790396
      -15.943540
       3.7734820
       4.0964708
      0.41241013
      -24.025998
      -18.190969
      -37.601881
       3.5722016
       47.761706
      -1.0989321
      -14.678670
      -15.700585
       1.1088971
     -0.45389384
      0.25741590
      -1.5772465
      -2.7375238
     -0.88001453
      -1.1969638
      -2.0324311
      -6.1201573
      -4.1876925
     -0.56943551
      -1.5978438
     -0.47931027
       7.3374661
       30.583656
      -2.0526350
      -28.614578
      -2.9142859
       1.2475655
      -2.8606461
       5.2848873
       24.036225
       20.966298
       8.2827728
      -8.2692577
     -0.40460335
      -2.2312671
      -3.4644056
      -3.1420821
      -1.8877798
      -3.6413650
      -12.333882
      -1.6481180
      -13.272190
      -2.7610653
      -1.8411381
      0.60704397
       1.8485867
       16.692126
      -2.6402583
       1.2314795
       3.1894771
      0.63783610
      -1.0864510
     -0.74086585
      -1.6678170
     0.049386722
      0.32642968
  -0.00045807973
       1.1231893
       10.226953
       3.4052394
       2.6225738
      -5.3118039
      -3.5216376
       30.611444
      -227.89017
      -117.46276
      -8.2443139
      -30.026919
      -6.3479620
       41.116669
       50.631807
       43.101831
       44.656607
       39.154286
       37.857334
       8.2551102
       9.1962130
       6.0670935
       1.1827354
      0.34225338
       1.7083764
      -2.1010582
       2.3244171
      0.74554273
     -0.27605484
     -0.68745572
     -0.92767733
      -1.2751993
       6.0261788
      -3.8744676
      -3.0334447
      -7.7290600
      -14.147877
       3.5195479
       4.9153434
       5.2351393
      0.99940244
      -2.3763123
      -2.0462083
      -3.0921005
      -3.0485190
      -5.9994543
      -6.0273436
      -19.763368
      -8.2831894
      -6.9471513
      -8.8001425
      -4.1616029
      0.55583270
       18.786593
       2.8220652
      -1.4518113
      -13.885742
      -19.776774
       18.533246
      -6.5661691
      -1.3893953
      -7.0184431
       5.3448684
       10.629424
      -7.1450325
      -20.937358
       9.7842426
       31.263249
       17.835713
      -36.341144
      -3.9463297
      -37.455521
       71.480309
       4.0677487
      -117.56676
       2.4508829
      -24.824020
       11.017866
       43.078695
       55.913900
       46.679152
       39.882007
       37.580694
       49.815606
       47.176137
       38.732734
       15.779583
       20.314899
       9.5713832
       1.6311712
       1.7176492
       3.0857154
       7.5476255
       7.9607110
       2.4324668
      -13.189328
      0.64387402
     0.057377515
    -0.077601172
       2.7402053
       2.7627990
      0.74711936
      -15.223935
      -40.923940
      -23.110740
       25.753027
      -13.150951
      -5.3052414
      -10.512253
     0.076145556
    -0.019709105
      0.60357920
      0.56427910
     0.053604232
     -0.14566482
     -0.30241937
      -1.2734834
      -5.9194162
      -3.0114338
      -1.4275400
      -1.3849498
      0.35151635
       15.188913
      -9.1652808
      -28.601577
      -35.977178
      -16.665104
      -28.078208
    0.0077998106
      -2.6692232
      -7.3767038
       12.697499
       15.334910
       11.884127
      -8.7137218
       4.4172566
     -0.30816771
      -12.314993
      -1.3049605
      -7.9502382
    -0.098156884
       6.0997787
       67.312903
       36.415987
      -2.7911010
      -1.9140167
     0.013915854
      0.87125102
       2.2893048
     -0.38790433
      -3.3650503
      0.86169129
      0.37857300
       4.0667101
      0.50534344
     -0.30148976
      -10.277048
      -9.3118055
      -5.9439735
       61.151564
       11.728622
       8.9997710
      -25.570991
      -3.0041220
      -10.154835
      -20.556610
      -19.064727
       25.269574
       41.225780
       41.308245
       36.292715
       39.236810
       16.682051
       19.254163
       44.110419
       38.979245
       23.260417
       9.0254929
       7.5397455
      -3.7081999
      -1.0404520
      -2.3910119
       2.0290269
       4.6846579
       4.8445117
      -23.878327
      -4.8070030
      -1.7196013
      -5.3670786
       3.9762419
      -2.6838956
      -19.400012
      -24.172466
      0.11370289
       2.5105316
      -1.3843375
      -4.3598782
    -0.036455731
      -4.6173853
     -0.68611094
      -5.9847505
      -1.8161625
       3.6557336
       3.5472138
      -2.2252942
      0.21807846
       2.5989072
      -4.2922782
      -1.8282148
       2.5968483
       10.311917
       39.664748
       57.391449
       23.692304
      -9.4371117
      -6.2508570
      -1.8383215
     -0.58598531
       8.4713282
       4.0792468
      -3.3189478
      -9.5919128
       2.9320367
       2.3245910
       11.235264
       2.7453352
       2.2284896
      -1.5041812
      -2.2075430
      -3.8880309
       11.757766
       8.4717461
      -12.827526
      0.55911384
      -13.236310
       19.132528
      -278.49321
      -8.8484938
      -1.1195350
       52.864670
       61.541929
       57.299577
       53.747770
       53.959147
       50.278143
       43.027781
       28.886504
       14.213319
       7.6816299
       3.3014247
      0.46863703
     -0.52107571
      -4.6751545
       5.2918521
      -3.7277545
     -0.17634638
     0.030418823
      0.57231704
       8.8482498
       32.864245
      -6.8926741
      -12.279232
       19.934458
      -29.628519
       5.8908299
       8.0295640
       5.2265512
       7.4278040
       2.9484477
       3.0111960
      0.14951021
      -6.7959705
      -1.3155324
       4.9115574
     -0.31738372
      -1.6638693
       3.7633200
       12.139095
       3.2815224
       1.4328782
      0.76764651
       3.4182478
       8.8112646
       11.990051
      -3.5233115
      -2.1824126
      -3.0321524
      -3.4012401
      -2.2202628
      0.89444815
       2.0728663
       3.6230533
      -2.9436567
      -1.7832485
       1.8794398
      -1.5896935
      -6.2873764
      -4.2461092
      0.61364563
       14.505653
       35.065379
       26.888626
      -1.0173639
      -2.6198506
      -1.2480961
      0.19419291
     -0.75936670
      -1.4160699
       5.2911040
       6.4674096
     0.089642963
     0.033843069
       1.2706074
      0.79837785
      0.84083185
      0.47222969
      -4.4129330
      -11.951845
       32.913157
       19.204272
       17.960372
      -14.436675
      -4.4037855
       25.370724
      -293.87441
      -339.48069
      -63.716343
      -55.484933
      -18.452748
       2.0576298
      -7.6309035
      0.30998246
       9.1708752
       22.242484
       20.109478
      -6.2068757
      -5.1388779
       4.1344490
       3.7230516
       1.9041226
       1.0329635
     0.018115026
     -0.56716316
      -1.4793566
      -6.0063194
      -1.1859148
       1.0254703
    -0.034241539
       1.2943812
       2.4602689
       7.8340019
       12.747685
       3.1750513
       2.1637197
       3.1568208
       4.5941805
       6.5327021
       13.734553
     -0.92368270
     -0.93237730
      -1.0699116
      -1.9697683
     -0.28645300
      -3.3096951
       2.9510321
       2.3193234
      -1.6738965
      0.42459451
     -0.36135735
      -3.2316259
      -2.2044159
       1.2763997
       12.990008
       35.440898
       13.272490
      -6.7148795
      -6.9559544
      -4.5152876
      -1.7307393
       1.1041981
       5.6149779
       10.143750
       7.8776664
       1.6616315
      -2.5939377
       2.1494221
       4.7779772
       1.2701752
       1.3170544
     -0.63033918
      -2.2097427
       2.9748333
       3.1876631
      -1.4676481
       14.118691
      -9.9727386
      -3.4223386
       8.5349022
       4.8070085
      -156.91341
      -25.701501
      -24.417169
      -37.396850
      -18.422654
       7.8643075
       30.065487
       46.312182
       28.471956
       2.8931750
      -5.5098388
      -6.3984272
      -3.0528524
       1.1859642
      -8.5164064
      -21.395737
     -0.86985204
      -13.612479
      -6.6665435
       10.864618
       13.008568
       20.733233
       72.720055
       13.664579
       4.2966719
      -5.1821171
     -0.52124162
     -0.13093439
      -4.3059416
     -0.80371968
      -1.8274720
     -0.42371782
    -0.065409738
      0.53476143
       1.8802259
      0.89334922
      -2.1428363
      -1.0188770
      -1.9103379
      -6.2664144
      -2.6252542
      -1.0213399
      0.21974139
     -0.40803529
      0.29878497
      0.96554635
      0.24235125
     0.015359860
       25.758385
      0.84057605
      -12.493172
      -10.752664
      -7.5117672
      -5.0890223
       6.6624040
      -16.008126
      -29.824494
      -53.325500
      -4.3033322
       15.893152
      -17.602268
      -18.561730
      -9.6151334
       12.031669
       28.574221
       25.674971
       19.679822
       26.880534
       18.083940
      -13.589994
      -15.405719
      -28.365155
      -36.023623
      -9.3724486
      -11.087710
      -28.793788
      -26.040870
      -12.268860
      -35.220405
      -9.2165226
       15.359997
       47.561835
       73.657130
       53.824563
       14.886851
       8.5282547
      -5.8672258
      -9.2742166
       2.4489242
       6.5147208
      -9.0034403
      -34.997823
      -16.657613
      -13.988995
      -30.460963
      -8.7751742
      -5.2968069
      -2.8721015
       8.2871030
       119.90531
       42.223776
       23.899035
      0.83186141
      0.22225756
      -1.0880468
     -0.56335658
      -2.9085880
      -2.4969051
      -1.6682320
     -0.88090496
      -2.9608654
     -0.21885644
      -5.2121521
      -1.8398397
      -9.1594244
      -10.165362
      -9.0103672
      -5.3626070
      -2.1549178
      -2.9337626
      -1.9897079
      -1.1880815
      -1.2491687
       1.5435670
     -0.20245046
      -1.5773076
      -1.5263634
     -0.16193522
     -0.15256744
      0.99584000
      -23.761354
      -56.602733
      -70.069660
      -38.090844
       4.3211058
      -6.4797085
      -10.341295
      -6.9399142
       8.9161779
       19.607775
       37.826579
       22.072977
       11.942736
       13.807539
       21.095698
       21.115514
       22.135309
       22.380433
       52.736789
       26.428452
       23.016868
       17.357324
       10.668016
       8.7461804
       2.5048914
      -49.175645
      -10.953262
       4.7880092
       3.5261333
      -2.7051003
      0.16407416
       1.9502562
       9.6958424
       26.503651
      -5.0539555
       8.6682335
       4.5284903
       4.2401806
       2.2562844
       1.1628636
      -6.0502911
      -8.1061763
     -0.25352446
      -9.6191345
      -9.7067344
      -9.3514857
      -8.3348004
      -12.210922
      -23.477200
      -12.848331
      -5.2367134
       5.7952665
       19.365533
       39.173585
       61.820643
       62.410241
       27.634838
       7.7245758
       2.0009596
      -5.0610424
       5.6735812
       9.9235225
       1.8033736
      -14.116598
      -21.697547
      -10.782323
      -8.5237724
      0.43873049
      -1.2369373
       3.0809025
      -2.1028051
     -0.15522896
       8.1035248
     -0.51095920
      -9.9969770
       3.2752873
      -1.6673033
      -21.220877
      -9.0581483
      -4.7196204
       1.4177054
       13.551829
       16.982758
       29.034125
      -17.105108
       9.0933102
      -1.9339228
      -23.672236
      -58.783387
      -57.567516
      -38.728348
      -32.189111
      -9.3437666
      -1.0025475
       5.1352135
       17.679773
       25.098991
       37.658236
       38.133577
       36.950612
       4.5700213
       9.6361258
       20.870723
      -3.6234570
       3.6744935
       2.0932321
       4.7962774
       7.7405229
      -3.6842994
      -3.8465625
      -1.3924012
     -0.66621827
     -0.16508614
     0.053817840
       1.7162299
      0.93538103
       4.2934157
       3.2169013
       6.8507892
       6.3830003
       14.556449
       10.553538
       11.605016
       10.292229
       14.155381
       16.223766
       8.4762409
       1.1385310
       2.4775859
      0.92001765
      -61.188067
      -19.043993
       1.2726756
       1.9162509
      0.27785502
      0.18945182
      -1.2894127
       1.4156816
       27.503313
      -3.5319231
      0.79958314
      -5.4753601
       1.8284542
       2.4321101
      0.67449059
      -4.7951927
      -6.8105963
       2.7307146
      -8.3874351
      -6.3607229
      -12.812353
      -18.465900
      -22.733190
      -22.134821
      -14.649028
      -1.2396699
       3.3988571
       13.168951
       26.703013
       57.047418
       71.748406
       33.460512
       3.3034866
      -4.1456574
       11.339936
       3.0524284
      -9.5931515
