      89.9000       0.00000      0.00000      0.00000      0.00000
      88.9000       0.00000      0.00000      0.00000      0.00000
      87.9000       0.00000      0.00000      0.00000      0.00000
      86.9000       0.00000      0.00000      0.00000      0.00000
      85.9000       0.00000      0.00000      0.00000      0.00000
      84.9000       0.00000      0.00000      0.00000      0.00000
      83.9000       0.00000      0.00000      0.00000      0.00000
      82.9000       0.00000      0.00000      0.00000      0.00000
      81.9000       0.00000      0.00000      0.00000      0.00000
      80.9000       0.00000      0.00000      0.00000      0.00000
      79.9000       0.00000      0.00000      0.00000      0.00000
      78.9000       0.00000      0.00000      0.00000      0.00000
      77.9000       0.00000      0.00000      0.00000      0.00000
      76.9000       0.00000      0.00000      0.00000      0.00000
      75.9000       0.00000      0.00000      0.00000      0.00000
      74.9000       0.00000      0.00000      0.00000      0.00000
      73.9000       0.00000      0.00000      0.00000      0.00000
      72.9000       0.00000      0.00000      0.00000      0.00000
      71.9000       0.00000      0.00000      0.00000      0.00000
      70.9000       0.00000      0.00000      0.00000      0.00000
      69.9000       0.00000      0.00000      0.00000      0.00000
      68.9000       0.00000      0.00000      0.00000      0.00000
      67.9000       0.00000      0.00000      0.00000      0.00000
      66.9000       0.00000      0.00000      0.00000      0.00000
      65.9000       0.00000      0.00000      0.00000      0.00000
      64.9000       0.00000      0.00000      0.00000      0.00000
      63.9000       0.00000      0.00000      0.00000      0.00000
      62.9000       0.00000      0.00000      0.00000      0.00000
      61.9000       0.00000      0.00000      0.00000      0.00000
      60.9000       0.00000      0.00000      0.00000      0.00000
      59.9000       3.60729      3.36556      1.31599     0.568396
      58.9000       3.43338      2.97527      1.21175     0.417453
      57.9000       2.87521      2.67319     0.427329     0.218531
      56.9000       2.56349      2.52220     0.237843     0.285412
      55.9000       2.99368      2.51904     0.270650     0.397273
      54.9000       3.22882      2.69415    0.0641452     0.521123
      53.9000       4.07314      3.15980     -1.63573     0.745126
      52.9000       4.80297      3.52352     -1.96721     0.704818
      51.9000       4.75911      3.47860      1.09958     0.586480
      50.9000       4.05699      3.12690      3.20337     0.507932
      49.9000       3.16599      2.41275      2.19133     0.263718
      48.9000       3.42263      2.41832   -0.0344570     0.489527
      47.9000       3.49041      2.70984     -1.06714     0.444544
      46.9000       3.07511      2.61293     -1.15265     0.384118
      45.9000       3.24454      2.36773    -0.756285     0.347254
      44.9000       3.36430      2.13531    -0.516064     0.255778
      43.9000       3.95366      2.54759     -1.28536     0.344800
      42.9000       3.81231      2.51390     0.622890     0.269181
      41.9000       3.44600      2.67455     0.859498     0.258928
      40.9000       3.43441      2.21633     0.110299     0.245599
      39.9000       4.28583      2.43502    -0.770124     0.449956
      38.9000       5.44718      2.46822    -0.512251     0.365596
      37.9000       5.89752      2.53747      2.11557     0.515484
      36.9000       6.84736      3.00962      3.74850     0.676625
      35.9000       7.08487      3.02316      1.38962     0.801875
      34.9000       6.03539      2.69550    -0.430560     0.491733
      33.9000       7.92160      2.53921     -2.31718     0.848853
      32.9000       10.4973      2.39788     -6.93547     0.804794
      31.9000       7.01754      2.11978     -1.59252     0.444909
      30.9000       6.82167      2.42603      2.96787     0.482048
      29.9000       12.4235      2.68048      13.7444      1.64863
      28.9000       5.61715      1.90228     0.977343     0.769322
      27.9000       4.94922      2.10172     0.701083     0.424327
      26.9000       6.40210      2.06493     -1.61360     0.604981
      25.9000       9.62257      1.86539     -5.17034     0.595029
      24.9000       13.7556      1.85759     -7.07233     0.900778
      23.9000       26.3628      1.93385     -13.5003      1.70545
      22.9000       19.2009      1.61998     -8.15661      1.16122
      21.9000       18.1745      1.87225     -3.57054      1.18866
      20.9000       11.2300      1.74294      3.12885     0.491558
      19.9000       12.6406      2.53909      14.0870      1.95976
      18.9000       19.8778      2.78712      20.0371      2.74326
      17.9000       26.9861      3.55239      32.4456      3.78750
      16.9000       13.1452      3.62508      10.6972      1.58837
      15.9000       6.96356      3.82798      6.46430     0.732129
      14.9000       6.40580      4.03268      4.04105     0.564939
      13.9000       6.66098      3.91185     -2.46503     0.641111
      12.9000       8.94073      3.93175     -11.1892      1.04975
      11.9000       11.2024      3.85406     -15.8208      1.47726
      10.9000       11.2951      3.36821     -5.31641      1.23514
      9.89999       13.5833      3.00633     -5.76782     0.805545
      8.89999       11.9131      2.99322     -4.28648     0.736562
      7.89999       10.9742      3.02593     -3.27970     0.762013
      6.89999       13.5779      3.43284      2.25974      1.11717
      5.89999       18.7813      4.30671      10.6374      1.83738
      4.89999       16.0631      5.21117      9.08107      1.99912
      3.89999       12.1202      4.81403      4.26449      1.46115
      2.89999       10.7909      3.70620      4.15287     0.949903
      1.89999       8.54901      3.12960      3.37819     0.660359
     0.899994       7.61650      2.49874      2.52805     0.461690
    -0.100006       7.16709      2.34935     0.313074     0.355336
     -1.10001       6.60166      2.13261     -1.22865     0.225117
     -2.10001       6.47650      2.19610     -2.34976     0.261911
     -3.10001       9.50241      2.41358     -2.78604     0.550753
     -4.10001       16.1313      3.28244     -15.6741      1.39866
     -5.10001       13.6827      3.57989     -16.4226      1.18660
     -6.10001       11.0486      3.51877     -8.16880     0.870973
     -7.10001       10.5107      3.23363      1.91372     0.722425
     -8.10001       18.5521      4.05552      15.9629      2.03689
     -9.10001       15.9573      2.84205      18.9501      1.78032
     -10.1000       12.5626      2.87811      13.8474      1.85871
     -11.1000       9.43297      2.78427      4.67587     0.845298
     -12.1000       9.25320      2.70360      1.19626      1.23008
     -13.1000       10.6639      2.92891     -1.79064      2.01332
     -14.1000       10.2443      2.94670      4.16040      1.62756
     -15.1000       10.7441      2.80903      10.2731      1.27960
     -16.1000       9.34369      2.78319      9.99267      1.22846
     -17.1000       7.37142      2.97900     0.944037     0.670977
     -18.1000       7.57293      3.03749   -0.0330488     0.628323
     -19.1000       11.2066      3.32084     -5.51924      1.14746
     -20.1000       12.2049      3.28183     -8.37420     0.961028
     -21.1000       11.1054      3.08690     -7.93556      1.18760
     -22.1000       7.92237      2.80338     -5.74230      1.01046
     -23.1000       11.4654      2.64379     -6.19481      1.34189
     -24.1000       9.36708      2.32689      2.93393     0.715359
     -25.1000       8.73057      2.29018      3.54715     0.912327
     -26.1000       7.78224      2.29599      1.60949     0.721740
     -27.1000       8.34577      2.77841      5.96270      1.18447
     -28.1000       5.78354      3.26960      3.08805     0.734212
     -29.1000       6.16385      3.43781     -3.27433     0.905600
     -30.1000       10.1583      3.25648     -11.0578      1.16339
     -31.1000       10.0745      3.02948     -12.0681      1.06298
     -32.1000       7.51217      2.53622     -2.43708     0.549955
     -33.1000       8.75406      2.56015      3.15172     0.607843
     -34.1000       13.0764      3.10491      12.7114      1.57450
     -35.1000       10.7676      3.46073      10.4694      1.56236
     -36.1000       6.70536      3.61499      2.42506     0.804098
     -37.1000       6.47211      3.39755     -2.17214     0.825759
     -38.1000       7.08026      2.85023     -3.84839     0.921262
     -39.1000       6.69699      2.23575    -0.726488     0.658533
     -40.1000       4.37153      1.90868     0.945497     0.278726
     -41.1000       7.22470      2.16089      4.36533     0.773948
     -42.1000       6.90614      2.29676      5.20941     0.906781
     -43.1000       4.39040      2.08950    0.0827065     0.581665
     -44.1000       5.26077      2.22431      1.15110     0.555982
     -45.1000       3.77722      2.20667     0.223662     0.354825
     -46.1000       3.52902      2.63702     -1.19488     0.446997
     -47.1000       7.65306      3.31288     -5.55122      1.27880
     -48.1000       13.2760      3.97039     -8.63824      1.68439
     -49.1000       11.2625      4.63743      6.41839      1.64779
     -50.1000       10.7403      4.08332      12.1480      2.41837
     -51.1000       5.71320      3.25362      1.76595      1.00900
     -52.1000       4.94564      2.45756     0.888302     0.635319
     -53.1000       4.46685      2.43850    -0.906183     0.468373
     -54.1000       2.76714      2.45677    -0.127387     0.291599
     -55.1000       2.44716      2.66191    -0.436714     0.209684
     -56.1000       3.42344      3.07207    -0.987695     0.388059
     -57.1000       6.90185      3.59943     -4.51856      1.09509
     -58.1000       5.88884      3.78398    -0.586329     0.841983
     -59.1000       3.90393      2.88462      1.55831     0.391540
     -60.1000       0.00000      0.00000      0.00000      0.00000
     -61.1000       0.00000      0.00000      0.00000      0.00000
     -62.1000       0.00000      0.00000      0.00000      0.00000
     -63.1000       0.00000      0.00000      0.00000      0.00000
     -64.1000       0.00000      0.00000      0.00000      0.00000
     -65.1000       0.00000      0.00000      0.00000      0.00000
     -66.1000       0.00000      0.00000      0.00000      0.00000
     -67.1000       0.00000      0.00000      0.00000      0.00000
     -68.1000       0.00000      0.00000      0.00000      0.00000
     -69.1000       0.00000      0.00000      0.00000      0.00000
     -70.1000       0.00000      0.00000      0.00000      0.00000
     -71.1000       0.00000      0.00000      0.00000      0.00000
     -72.1000       0.00000      0.00000      0.00000      0.00000
     -73.1000       0.00000      0.00000      0.00000      0.00000
     -74.1000       0.00000      0.00000      0.00000      0.00000
     -75.1000       0.00000      0.00000      0.00000      0.00000
     -76.1000       0.00000      0.00000      0.00000      0.00000
     -77.1000       0.00000      0.00000      0.00000      0.00000
     -78.1000       0.00000      0.00000      0.00000      0.00000
     -79.1000       0.00000      0.00000      0.00000      0.00000
     -80.1000       0.00000      0.00000      0.00000      0.00000
     -81.1000       0.00000      0.00000      0.00000      0.00000
     -82.1000       0.00000      0.00000      0.00000      0.00000
     -83.1000       0.00000      0.00000      0.00000      0.00000
     -84.1000       0.00000      0.00000      0.00000      0.00000
     -85.1000       0.00000      0.00000      0.00000      0.00000
     -86.1000       0.00000      0.00000      0.00000      0.00000
     -87.1000       0.00000      0.00000      0.00000      0.00000
     -88.1000       0.00000      0.00000      0.00000      0.00000
     -89.1000       0.00000      0.00000      0.00000      0.00000
