      89.9000       0.00000      0.00000      0.00000      0.00000      0.00000
      88.9000       0.00000      0.00000      0.00000      0.00000      0.00000
      87.9000       0.00000      0.00000      0.00000      0.00000      0.00000
      86.9000       0.00000      0.00000      0.00000      0.00000      0.00000
      85.9000       0.00000      0.00000      0.00000      0.00000      0.00000
      84.9000       0.00000      0.00000      0.00000      0.00000      0.00000
      83.9000       0.00000      0.00000      0.00000      0.00000      0.00000
      82.9000       0.00000      0.00000      0.00000      0.00000      0.00000
      81.9000       0.00000      0.00000      0.00000      0.00000      0.00000
      80.9000       0.00000      0.00000      0.00000      0.00000      0.00000
      79.9000       0.00000      0.00000      0.00000      0.00000      0.00000
      78.9000       0.00000      0.00000      0.00000      0.00000      0.00000
      77.9000       0.00000      0.00000      0.00000      0.00000      0.00000
      76.9000       0.00000      0.00000      0.00000      0.00000      0.00000
      75.9000       0.00000      0.00000      0.00000      0.00000      0.00000
      74.9000       0.00000      0.00000      0.00000      0.00000      0.00000
      73.9000       0.00000      0.00000      0.00000      0.00000      0.00000
      72.9000       0.00000      0.00000      0.00000      0.00000      0.00000
      71.9000       0.00000      0.00000      0.00000      0.00000      0.00000
      70.9000       0.00000      0.00000      0.00000      0.00000      0.00000
      69.9000       0.00000      0.00000      0.00000      0.00000      0.00000
      68.9000       0.00000      0.00000      0.00000      0.00000      0.00000
      67.9000       0.00000      0.00000      0.00000      0.00000      0.00000
      66.9000       0.00000      0.00000      0.00000      0.00000      0.00000
      65.9000       0.00000      0.00000      0.00000      0.00000      0.00000
      64.9000       0.00000      0.00000      0.00000      0.00000      0.00000
      63.9000       0.00000      0.00000      0.00000      0.00000      0.00000
      62.9000       0.00000      0.00000      0.00000      0.00000      0.00000
      61.9000       0.00000      0.00000      0.00000      0.00000      0.00000
      60.9000       0.00000      0.00000      0.00000      0.00000      0.00000
      59.9000       3.59684      3.63831      1.65008      1.05457      147.000
      58.9000       3.23532      2.77537    -0.107617     0.643976      201.000
      57.9000       2.62922      2.20465    -0.116620     0.475037      249.000
      56.9000       2.04385      2.13639     0.396701     0.388539      261.000
      55.9000       2.25755      2.27398     0.270538     0.553158      212.000
      54.9000       2.53312      2.56556    0.0386068     0.589701      199.000
      53.9000       3.15987      3.35587     -2.03861      1.05922      209.000
      52.9000       3.65800      4.11250     -1.89088      1.95349      215.000
      51.9000       4.87914      3.43943     -1.38458      1.37699      253.000
      50.9000       3.69333      3.14867      3.47319      1.03550      263.000
      49.9000       3.26202      2.32323      2.45868     0.506027      307.000
      48.9000       3.20653      2.31614    -0.448151     0.809692      273.000
      47.9000       4.87279      2.84220     -1.63689      1.28062      258.000
      46.9000       3.72002      2.21080     -1.35381     0.931062      171.000
      45.9000       4.73800      2.71795     -4.61681      1.79921      183.000
      44.9000       3.49293      1.93080    -0.431940     0.763601      188.000
      43.9000       4.01547      2.38636     -2.82974      1.00386      227.000
      42.9000       3.79276      2.34829     0.652546     0.842954      209.000
      41.9000       2.89103      2.06995     0.450885     0.464692      177.000
      40.9000       3.34884      2.43936     -2.28931     0.776629      204.000
      39.9000       3.94340      2.20708     -2.33599     0.788356      183.000
      38.9000       5.52184      2.15000    -0.587100     0.739188      205.000
      37.9000       5.66840      2.22800     0.443768     0.929344      209.000
      36.9000       5.47278      2.73396     -1.62077      1.23539      251.000
      35.9000       5.90022      3.12347     -3.68032      1.79457      311.000
      34.9000       4.82720      2.61179     -2.61294      1.15798      283.000
      33.9000       6.13098      2.62026     -4.50296      2.30653      268.000
      32.9000       9.39568      2.55416     -4.74449      1.56981      290.000
      31.9000       6.71896      2.22067      1.35749     0.662631      412.000
      30.9000       7.16210      2.41453      5.54013     0.947933      356.000
      29.9000       11.9062      2.68191      11.6406      2.86853      285.000
      28.9000       7.06399      2.11486     -2.37382      2.06397      372.000
      27.9000       5.34793      2.38366      2.58100     0.726285      454.000
      26.9000       5.49082      2.36024    -0.919458     0.992377      592.000
      25.9000       7.95190      1.90863     -3.06232     0.909521      632.000
      24.9000       12.5841      1.72031     -8.78260      1.40365      587.000
      23.9000       27.9940      2.00986     -16.5540      3.12493      339.000
      22.9000       16.6851      1.45116     -3.33120      1.36403      497.000
      21.9000       17.6234      1.84504    -0.307986      2.10787      372.000
      20.9000       11.6958      1.64737      6.06776     0.991166      372.000
      19.9000       12.6767      2.09308      12.3456      2.91830      154.000
      18.9000       17.7256      2.85420      21.2327      4.26635      157.000
      17.9000       27.2673      3.16599      25.6183      6.40826      159.000
      16.9000       11.2819      3.25756      6.69552      2.87322      311.000
      15.9000       6.21260      3.29351      2.94028     0.970768      510.000
      14.9000       6.36375      3.66203      4.59716     0.885992      676.000
      13.9000       6.15096      3.68071     -2.33743     0.990092      658.000
      12.9000       10.0150      4.01710     -15.2331      2.47599      539.000
      11.9000       11.5686      3.94164     -20.5051      3.11391      459.000
      10.9000       10.2469      3.54317     -6.14769      1.87864      530.000
      9.89999       13.2632      3.17757     -8.32030      1.36529      1431.00
      8.89999       12.0481      2.98935     -5.93210      1.06797      1497.00
      7.89999       11.1877      2.88971     -2.56031      1.01456      1560.00
      6.89999       12.9833      3.25792     0.520456      1.41298      1425.00
      5.89999       18.9770      4.52249      5.14147      2.74117      1265.00
      4.89999       15.6317      5.39541      2.95814      2.67988      1099.00
      3.89999       11.9704      4.89530      4.32312      2.11265      1060.00
      2.89999       10.1266      3.70206      1.10897      1.28690      1434.00
      1.89999       8.41951      3.09866      1.77723      1.00947      1611.00
     0.899994       7.31030      2.31753      1.15949     0.513469      1734.00
    -0.100006       7.05719      2.28164     0.444306     0.493203      1889.00
     -1.10001       6.40953      2.11045     -1.14412     0.309107      2007.00
     -2.10001       6.12770      2.07832     -2.21171     0.368569      1835.00
     -3.10001       8.43872      2.39304     -3.62520     0.707039      1448.00
     -4.10001       14.1406      3.19554     -14.9554      1.65999      1163.00
     -5.10001       10.6691      3.36881     -12.9364     0.989856      1546.00
     -6.10001       8.02784      3.30997     -3.41086     0.639361      1975.00
     -7.10001       8.82022      2.95005      5.72959     0.651518      1546.00
     -8.10001       17.7331      3.45532      22.0517      2.75270      542.000
     -9.10001       14.2923      2.46463      18.4425      2.13264      803.000
     -10.1000       9.22051      2.74951      9.47808      1.44411      543.000
     -11.1000       8.50670      2.79788      5.13048      1.48819      642.000
     -12.1000       7.48434      2.49084      5.19049      1.43418      666.000
     -13.1000       7.87646      3.43775      11.4944      1.93870      444.000
     -14.1000       7.81433      3.39552      7.81205      1.61653      438.000
     -15.1000       11.9105      3.08804      17.8575      3.03147      413.000
     -16.1000       11.3370      3.22709      19.2901      3.29765      397.000
     -17.1000       6.96544      3.16085      2.18077      1.16413      496.000
     -18.1000       6.62111      2.96418     -4.71841     0.842584      589.000
     -19.1000       10.0866      2.78009     -5.42230      1.74354      493.000
     -20.1000       9.09131      2.66627     -6.55314      1.34522      539.000
     -21.1000       7.43319      2.10136     -1.58996      1.22220      445.000
     -22.1000       7.58086      1.71695     -5.75606      1.15508      262.000
     -23.1000       9.70129      2.04057     -8.17318      1.26910      259.000
     -24.1000       7.19053      1.54982      1.92312     0.846754      337.000
     -25.1000       7.55761      1.64397      1.69377     0.896320      338.000
     -26.1000       10.2508      2.10952     0.977454      1.52290      341.000
     -27.1000       8.46811      2.24754      5.10318      1.98585      209.000
     -28.1000       5.25957      3.50443      5.10573      2.41080      167.000
     -29.1000       7.34370      3.12148     -2.12178      3.54168      137.000
     -30.1000       11.7413      2.63109     -12.6430      3.09897      161.000
     -31.1000       9.81260      2.58734     -14.6989      3.79665      191.000
     -32.1000       5.70083      1.69327    -0.821939     0.835169      180.000
     -33.1000       8.15558      1.70578      2.53815      1.63834      163.000
     -34.1000       11.5828      2.17057      7.61162      3.38758      153.000
     -35.1000       9.15970      2.73984      9.82690      3.78015      165.000
     -36.1000       7.80737      2.47678     -1.60445      1.63895      229.000
     -37.1000       8.45018      2.42792     -7.41333      2.78404      279.000
     -38.1000       4.71270      1.88928     -2.55719     0.845888      299.000
     -39.1000       4.43047      1.91132    -0.458413     0.507636      358.000
     -40.1000       4.58153      1.73604     0.121128     0.543031      296.000
     -41.1000       7.60554      2.07679      2.32545      1.42761      186.000
     -42.1000       7.36388      1.84286     0.117631      1.55305      195.000
     -43.1000       4.76288      2.20785     -1.29417      1.54808      274.000
     -44.1000       5.12292      2.13277     0.327826      1.09032      502.000
     -45.1000       3.73861      2.17616     0.168304     0.710554      517.000
     -46.1000       3.35874      2.32625    -0.472746     0.478942      576.000
     -47.1000       7.89497      3.04094     -4.71367      2.24314      421.000
     -48.1000       12.9058      3.98734     -9.17284      2.43602      455.000
     -49.1000       11.3199      4.41190      7.44704      2.33585      431.000
     -50.1000       10.0828      4.10451      18.1663      3.73525      205.000
     -51.1000       4.66069      3.33225      3.98913      1.14424      188.000
     -52.1000       4.39799      2.28867      2.49887     0.790190      246.000
     -53.1000       3.99969      2.34788     -1.48710     0.725163      334.000
     -54.1000       2.66537      2.40507     -1.06547     0.655056      444.000
     -55.1000       2.30309      2.46009    -0.639102     0.357601      391.000
     -56.1000       3.49755      2.90018    0.0900261     0.696432      291.000
     -57.1000       7.21698      3.97821     -4.57063      2.28568      220.000
     -58.1000       5.72996      3.85076    -0.535257      1.48114      299.000
     -59.1000       3.93405      2.84628      2.08959     0.667576      354.000
     -60.1000       0.00000      0.00000      0.00000      0.00000      0.00000
     -61.1000       0.00000      0.00000      0.00000      0.00000      0.00000
     -62.1000       0.00000      0.00000      0.00000      0.00000      0.00000
     -63.1000       0.00000      0.00000      0.00000      0.00000      0.00000
     -64.1000       0.00000      0.00000      0.00000      0.00000      0.00000
     -65.1000       0.00000      0.00000      0.00000      0.00000      0.00000
     -66.1000       0.00000      0.00000      0.00000      0.00000      0.00000
     -67.1000       0.00000      0.00000      0.00000      0.00000      0.00000
     -68.1000       0.00000      0.00000      0.00000      0.00000      0.00000
     -69.1000       0.00000      0.00000      0.00000      0.00000      0.00000
     -70.1000       0.00000      0.00000      0.00000      0.00000      0.00000
     -71.1000       0.00000      0.00000      0.00000      0.00000      0.00000
     -72.1000       0.00000      0.00000      0.00000      0.00000      0.00000
     -73.1000       0.00000      0.00000      0.00000      0.00000      0.00000
     -74.1000       0.00000      0.00000      0.00000      0.00000      0.00000
     -75.1000       0.00000      0.00000      0.00000      0.00000      0.00000
     -76.1000       0.00000      0.00000      0.00000      0.00000      0.00000
     -77.1000       0.00000      0.00000      0.00000      0.00000      0.00000
     -78.1000       0.00000      0.00000      0.00000      0.00000      0.00000
     -79.1000       0.00000      0.00000      0.00000      0.00000      0.00000
     -80.1000       0.00000      0.00000      0.00000      0.00000      0.00000
     -81.1000       0.00000      0.00000      0.00000      0.00000      0.00000
     -82.1000       0.00000      0.00000      0.00000      0.00000      0.00000
     -83.1000       0.00000      0.00000      0.00000      0.00000      0.00000
     -84.1000       0.00000      0.00000      0.00000      0.00000      0.00000
     -85.1000       0.00000      0.00000      0.00000      0.00000      0.00000
     -86.1000       0.00000      0.00000      0.00000      0.00000      0.00000
     -87.1000       0.00000      0.00000      0.00000      0.00000      0.00000
     -88.1000       0.00000      0.00000      0.00000      0.00000      0.00000
     -89.1000       0.00000      0.00000      0.00000      0.00000      0.00000
