      89.9000       0.00000      0.00000      0.00000      0.00000
      88.9000       0.00000      0.00000      0.00000      0.00000
      87.9000       0.00000      0.00000      0.00000      0.00000
      86.9000       0.00000      0.00000      0.00000      0.00000
      85.9000       0.00000      0.00000      0.00000      0.00000
      84.9000       0.00000      0.00000      0.00000      0.00000
      83.9000       0.00000      0.00000      0.00000      0.00000
      82.9000       0.00000      0.00000      0.00000      0.00000
      81.9000       0.00000      0.00000      0.00000      0.00000
      80.9000       0.00000      0.00000      0.00000      0.00000
      79.9000       0.00000      0.00000      0.00000      0.00000
      78.9000       0.00000      0.00000      0.00000      0.00000
      77.9000       0.00000      0.00000      0.00000      0.00000
      76.9000       0.00000      0.00000      0.00000      0.00000
      75.9000       0.00000      0.00000      0.00000      0.00000
      74.9000       0.00000      0.00000      0.00000      0.00000
      73.9000       0.00000      0.00000      0.00000      0.00000
      72.9000       0.00000      0.00000      0.00000      0.00000
      71.9000       0.00000      0.00000      0.00000      0.00000
      70.9000       0.00000      0.00000      0.00000      0.00000
      69.9000       0.00000      0.00000      0.00000      0.00000
      68.9000       0.00000      0.00000      0.00000      0.00000
      67.9000       0.00000      0.00000      0.00000      0.00000
      66.9000       0.00000      0.00000      0.00000      0.00000
      65.9000       0.00000      0.00000      0.00000      0.00000
      64.9000       0.00000      0.00000      0.00000      0.00000
      63.9000       0.00000      0.00000      0.00000      0.00000
      62.9000       0.00000      0.00000      0.00000      0.00000
      61.9000       0.00000      0.00000      0.00000      0.00000
      60.9000       0.00000      0.00000      0.00000      0.00000
      59.9000       0.00000      0.00000      1.89168      1.16513
      58.9000       0.00000      0.00000      1.19686     0.485725
      57.9000       0.00000      0.00000     0.435768     0.457465
      56.9000       0.00000      0.00000    -0.354260     0.366865
      55.9000       0.00000      0.00000    0.0688527     0.455203
      54.9000       0.00000      0.00000     0.489382     0.663736
      53.9000       0.00000      0.00000     -1.09310     0.779910
      52.9000       0.00000      0.00000     -1.49129      1.65187
      51.9000       0.00000      0.00000     0.135826      1.29480
      50.9000       0.00000      0.00000      3.97603      1.17480
      49.9000       0.00000      0.00000      2.43991     0.418031
      48.9000       0.00000      0.00000     0.101698     0.566365
      47.9000       0.00000      0.00000     -2.55847      1.09304
      46.9000       0.00000      0.00000     -2.10114      1.24698
      45.9000       0.00000      0.00000     -4.80544      1.81101
      44.9000       0.00000      0.00000    -0.434830     0.664120
      43.9000       0.00000      0.00000     -4.31425      1.13506
      42.9000       0.00000      0.00000    -0.263021     0.825201
      41.9000       0.00000      0.00000      1.93889     0.811890
      40.9000       0.00000      0.00000    -0.948560     0.469741
      39.9000       0.00000      0.00000     -1.91801     0.657857
      38.9000       0.00000      0.00000    -0.630839     0.599581
      37.9000       0.00000      0.00000     0.385432     0.985854
      36.9000       0.00000      0.00000     -1.29314      1.22224
      35.9000       0.00000      0.00000     -2.14334      1.81972
      34.9000       0.00000      0.00000     -3.60469      1.23892
      33.9000       0.00000      0.00000     -4.77319      2.25454
      32.9000       0.00000      0.00000     -6.20599      1.56584
      31.9000       0.00000      0.00000     0.704090     0.645954
      30.9000       0.00000      0.00000      1.85703     0.853648
      29.9000       0.00000      0.00000      5.74701      3.03988
      28.9000       0.00000      0.00000      3.01571     0.518111
      27.9000       0.00000      0.00000      2.09119     0.618399
      26.9000       0.00000      0.00000     -1.54622     0.998738
      25.9000       0.00000      0.00000     -1.08230     0.569459
      24.9000       0.00000      0.00000     -4.94051      1.18494
      23.9000       0.00000      0.00000     -16.4781      2.66200
      22.9000       0.00000      0.00000     -5.91869      1.66526
      21.9000       0.00000      0.00000    -0.280290      1.71393
      20.9000       0.00000      0.00000      3.78643     0.893787
      19.9000       0.00000      0.00000      18.4252      4.18419
      18.9000       0.00000      0.00000      14.2867      3.75713
      17.9000       0.00000      0.00000      15.6101      6.47545
      16.9000       0.00000      0.00000      10.2197      2.52526
      15.9000       0.00000      0.00000      2.44314      1.21167
      14.9000       0.00000      0.00000      2.09621     0.918768
      13.9000       0.00000      0.00000     -1.87942      1.04300
      12.9000       0.00000      0.00000     -14.7557      2.40672
      11.9000       0.00000      0.00000     -16.8316      2.78470
      10.9000       0.00000      0.00000     -6.74709      2.47538
      9.89999       0.00000      0.00000     -6.49735      1.61440
      8.89999       0.00000      0.00000     -3.30511      1.11596
      7.89999       0.00000      0.00000     -3.28383      1.06504
      6.89999       0.00000      0.00000      4.17549      1.47503
      5.89999       0.00000      0.00000      8.40512      2.44986
      4.89999       0.00000      0.00000      7.90651      2.53113
      3.89999       0.00000      0.00000      4.12608      2.06585
      2.89999       0.00000      0.00000      1.48200      1.23249
      1.89999       0.00000      0.00000      3.79906      1.01218
     0.899994       0.00000      0.00000      3.18286     0.763154
    -0.100006       0.00000      0.00000     0.261698     0.584430
     -1.10001       0.00000      0.00000     -2.14158     0.359265
     -2.10001       0.00000      0.00000     -2.44864     0.383361
     -3.10001       0.00000      0.00000     -4.91065     0.770389
     -4.10001       0.00000      0.00000     -16.2796      1.56313
     -5.10001       0.00000      0.00000     -11.9951     0.887194
     -6.10001       0.00000      0.00000     -2.22991     0.665822
     -7.10001       0.00000      0.00000      6.07104     0.717921
     -8.10001       0.00000      0.00000      21.4471      3.80909
     -9.10001       0.00000      0.00000      14.0998      1.81417
     -10.1000       0.00000      0.00000      9.80534      1.52911
     -11.1000       0.00000      0.00000      3.58180      1.59819
     -12.1000       0.00000      0.00000      4.60630      2.03622
     -13.1000       0.00000      0.00000      12.3624      2.81114
     -14.1000       0.00000      0.00000      10.0967      1.95280
     -15.1000       0.00000      0.00000      15.7090      2.92260
     -16.1000       0.00000      0.00000      20.1941      3.33377
     -17.1000       0.00000      0.00000      3.87763      1.17638
     -18.1000       0.00000      0.00000     -3.56474     0.798314
     -19.1000       0.00000      0.00000     -4.57305      1.67330
     -20.1000       0.00000      0.00000     -3.37517      1.24792
     -21.1000       0.00000      0.00000     -1.32361      1.00380
     -22.1000       0.00000      0.00000     -4.20755      1.02141
     -23.1000       0.00000      0.00000     -7.24385      1.28914
     -24.1000       0.00000      0.00000      2.01172     0.802040
     -25.1000       0.00000      0.00000      2.80145     0.936708
     -26.1000       0.00000      0.00000     -2.25583      1.87944
     -27.1000       0.00000      0.00000      5.10917      2.11291
     -28.1000       0.00000      0.00000      10.3083      2.63985
     -29.1000       0.00000      0.00000      2.38073      3.58052
     -30.1000       0.00000      0.00000     -10.6745      3.30149
     -31.1000       0.00000      0.00000     -10.9761      3.62596
     -32.1000       0.00000      0.00000      1.09184      1.05491
     -33.1000       0.00000      0.00000      2.50100      1.47194
     -34.1000       0.00000      0.00000     0.495323      1.88463
     -35.1000       0.00000      0.00000      4.18658      2.19458
     -36.1000       0.00000      0.00000     0.757341     0.896226
     -37.1000       0.00000      0.00000     -5.73036      2.35310
     -38.1000       0.00000      0.00000     -2.14491      1.02096
     -39.1000       0.00000      0.00000    -0.106286     0.626985
     -40.1000       0.00000      0.00000    -0.293364     0.463338
     -41.1000       0.00000      0.00000      2.18936      1.63513
     -42.1000       0.00000      0.00000    0.0184810      1.68867
     -43.1000       0.00000      0.00000    -0.406897      1.09359
     -44.1000       0.00000      0.00000      1.02698     0.590827
     -45.1000       0.00000      0.00000      1.07876     0.593377
     -46.1000       0.00000      0.00000    -0.816151      1.01632
     -47.1000       0.00000      0.00000     -2.40660      2.44098
     -48.1000       0.00000      0.00000     -4.23380      2.44319
     -49.1000       0.00000      0.00000      9.57891      2.29003
     -50.1000       0.00000      0.00000      15.2138      3.39163
     -51.1000       0.00000      0.00000      2.79493      1.78447
     -52.1000       0.00000      0.00000     0.581203      1.63140
     -53.1000       0.00000      0.00000     -2.03294     0.907714
     -54.1000       0.00000      0.00000    -0.887055     0.666819
     -55.1000       0.00000      0.00000    -0.591506     0.338397
     -56.1000       0.00000      0.00000     0.254035     0.680127
     -57.1000       0.00000      0.00000     -5.07027      2.01192
     -58.1000       0.00000      0.00000     -2.48478      1.46833
     -59.1000       0.00000      0.00000      2.43779     0.751188
     -60.1000       0.00000      0.00000      0.00000      0.00000
     -61.1000       0.00000      0.00000      0.00000      0.00000
     -62.1000       0.00000      0.00000      0.00000      0.00000
     -63.1000       0.00000      0.00000      0.00000      0.00000
     -64.1000       0.00000      0.00000      0.00000      0.00000
     -65.1000       0.00000      0.00000      0.00000      0.00000
     -66.1000       0.00000      0.00000      0.00000      0.00000
     -67.1000       0.00000      0.00000      0.00000      0.00000
     -68.1000       0.00000      0.00000      0.00000      0.00000
     -69.1000       0.00000      0.00000      0.00000      0.00000
     -70.1000       0.00000      0.00000      0.00000      0.00000
     -71.1000       0.00000      0.00000      0.00000      0.00000
     -72.1000       0.00000      0.00000      0.00000      0.00000
     -73.1000       0.00000      0.00000      0.00000      0.00000
     -74.1000       0.00000      0.00000      0.00000      0.00000
     -75.1000       0.00000      0.00000      0.00000      0.00000
     -76.1000       0.00000      0.00000      0.00000      0.00000
     -77.1000       0.00000      0.00000      0.00000      0.00000
     -78.1000       0.00000      0.00000      0.00000      0.00000
     -79.1000       0.00000      0.00000      0.00000      0.00000
     -80.1000       0.00000      0.00000      0.00000      0.00000
     -81.1000       0.00000      0.00000      0.00000      0.00000
     -82.1000       0.00000      0.00000      0.00000      0.00000
     -83.1000       0.00000      0.00000      0.00000      0.00000
     -84.1000       0.00000      0.00000      0.00000      0.00000
     -85.1000       0.00000      0.00000      0.00000      0.00000
     -86.1000       0.00000      0.00000      0.00000      0.00000
     -87.1000       0.00000      0.00000      0.00000      0.00000
     -88.1000       0.00000      0.00000      0.00000      0.00000
     -89.1000       0.00000      0.00000      0.00000      0.00000
