      89.9000       0.00000      0.00000      0.00000      0.00000      0.00000
      88.9000       0.00000      0.00000      0.00000      0.00000      0.00000
      87.9000       0.00000      0.00000      0.00000      0.00000      0.00000
      86.9000       0.00000      0.00000      0.00000      0.00000      0.00000
      85.9000       0.00000      0.00000      0.00000      0.00000      0.00000
      84.9000       0.00000      0.00000      0.00000      0.00000      0.00000
      83.9000       0.00000      0.00000      0.00000      0.00000      0.00000
      82.9000       0.00000      0.00000      0.00000      0.00000      0.00000
      81.9000       0.00000      0.00000      0.00000      0.00000      0.00000
      80.9000       0.00000      0.00000      0.00000      0.00000      0.00000
      79.9000       0.00000      0.00000      0.00000      0.00000      0.00000
      78.9000       0.00000      0.00000      0.00000      0.00000      0.00000
      77.9000       0.00000      0.00000      0.00000      0.00000      0.00000
      76.9000       0.00000      0.00000      0.00000      0.00000      0.00000
      75.9000       0.00000      0.00000      0.00000      0.00000      0.00000
      74.9000       0.00000      0.00000      0.00000      0.00000      0.00000
      73.9000       0.00000      0.00000      0.00000      0.00000      0.00000
      72.9000       0.00000      0.00000      0.00000      0.00000      0.00000
      71.9000       0.00000      0.00000      0.00000      0.00000      0.00000
      70.9000       0.00000      0.00000      0.00000      0.00000      0.00000
      69.9000       0.00000      0.00000      0.00000      0.00000      0.00000
      68.9000       0.00000      0.00000      0.00000      0.00000      0.00000
      67.9000       0.00000      0.00000      0.00000      0.00000      0.00000
      66.9000       0.00000      0.00000      0.00000      0.00000      0.00000
      65.9000       0.00000      0.00000      0.00000      0.00000      0.00000
      64.9000       0.00000      0.00000      0.00000      0.00000      0.00000
      63.9000       0.00000      0.00000      0.00000      0.00000      0.00000
      62.9000       0.00000      0.00000      0.00000      0.00000      0.00000
      61.9000       0.00000      0.00000      0.00000      0.00000      0.00000
      60.9000       0.00000      0.00000      0.00000      0.00000      0.00000
      59.9000       3.20998      3.53237      1.89168      1.16513      171.000
      58.9000       2.97001      2.45220      1.19686     0.485725      213.000
      57.9000       2.24722      2.15015     0.435768     0.457465      241.000
      56.9000       1.82419      2.06565    -0.354260     0.366865      250.000
      55.9000       2.02681      2.03258    0.0688527     0.455203      210.000
      54.9000       2.18619      2.28290     0.489382     0.663736      214.000
      53.9000       2.76908      2.85532     -1.09310     0.779910      242.000
      52.9000       3.22289      3.30135     -1.49129      1.65187      224.000
      51.9000       4.62957      3.39287     0.135826      1.29480      280.000
      50.9000       3.66835      2.98483      3.97603      1.17480      317.000
      49.9000       3.09601      2.35619      2.43991     0.418031      359.000
      48.9000       3.15353      2.31379     0.101698     0.566365      312.000
      47.9000       4.76905      2.69023     -2.55847      1.09304      273.000
      46.9000       4.04043      2.49008     -2.10114      1.24698      175.000
      45.9000       4.66887      2.89677     -4.80544      1.81101      184.000
      44.9000       3.46446      2.02751    -0.434830     0.664120      181.000
      43.9000       4.20157      2.77941     -4.31425      1.13506      213.000
      42.9000       3.92883      2.41827    -0.263021     0.825201      229.000
      41.9000       3.04883      2.32983      1.93889     0.811890      189.000
      40.9000       2.95298      2.13624    -0.948560     0.469741      219.000
      39.9000       3.70585      1.93468     -1.91801     0.657857      193.000
      38.9000       5.53477      1.77710    -0.630839     0.599581      204.000
      37.9000       5.81787      2.34892     0.385432     0.985854      205.000
      36.9000       5.30254      2.94143     -1.29314      1.22224      237.000
      35.9000       6.09358      3.30695     -2.14334      1.81972      290.000
      34.9000       5.20503      2.82147     -3.60469      1.23892      258.000
      33.9000       6.09349      2.70414     -4.77319      2.25454      256.000
      32.9000       9.27121      2.51060     -6.20599      1.56584      296.000
      31.9000       6.59143      2.32196     0.704090     0.645954      442.000
      30.9000       6.63668      2.48309      1.85703     0.853648      400.000
      29.9000       12.7234      2.81723      5.74701      3.03988      299.000
      28.9000       4.92479      2.08206      3.01571     0.518111      419.000
      27.9000       4.52733      2.38725      2.09119     0.618399      538.000
      26.9000       5.59831      2.32586     -1.54622     0.998738      614.000
      25.9000       6.13643      1.77972     -1.08230     0.569459      734.000
      24.9000       11.1161      1.56320     -4.94051      1.18494      699.000
      23.9000       26.3461      1.92061     -16.4781      2.66200      408.000
      22.9000       16.7346      1.41470     -5.91869      1.66526      537.000
      21.9000       17.3296      1.69702    -0.280290      1.71393      431.000
      20.9000       11.4615      1.55603      3.78643     0.893787      389.000
      19.9000       14.4100      2.46608      18.4252      4.18419      165.000
      18.9000       16.3409      2.58448      14.2867      3.75713      184.000
      17.9000       27.0664      2.95668      15.6101      6.47545      170.000
      16.9000       11.2877      3.22036      10.2197      2.52526      326.000
      15.9000       6.77079      3.23463      2.44314      1.21167      504.000
      14.9000       6.28072      3.78338      2.09621     0.918768      633.000
      13.9000       6.44388      3.64652     -1.87942      1.04300      626.000
      12.9000       9.15643      4.05574     -14.7557      2.40672      509.000
      11.9000       11.5661      4.06761     -16.8316      2.78470      451.000
      10.9000       11.4160      3.72193     -6.74709      2.47538      538.000
      9.89999       14.1261      3.42955     -6.49735      1.61440      1344.00
      8.89999       11.9580      3.26300     -3.30511      1.11596      1476.00
      7.89999       11.1580      3.13432     -3.28383      1.06504      1616.00
      6.89999       13.5370      3.43306      4.17549      1.47503      1480.00
      5.89999       18.1320      4.58378      8.40512      2.44986      1308.00
      4.89999       15.0260      5.40466      7.90651      2.53113      1130.00
      3.89999       11.9191      5.09506      4.12608      2.06585      1201.00
      2.89999       10.7177      3.80058      1.48200      1.23249      1503.00
      1.89999       8.75302      3.14054      3.79906      1.01218      1682.00
     0.899994       8.23727      2.56367      3.18286     0.763154      1817.00
    -0.100006       7.55180      2.42041     0.261698     0.584430      1920.00
     -1.10001       6.71988      2.09150     -2.14158     0.359265      2043.00
     -2.10001       6.17256      2.06578     -2.44864     0.383361      1807.00
     -3.10001       8.99967      2.43687     -4.91065     0.770389      1391.00
     -4.10001       14.1832      3.06410     -16.2796      1.56313      1189.00
     -5.10001       10.5971      3.25205     -11.9951     0.887194      1553.00
     -6.10001       7.84089      3.21324     -2.22991     0.665822      1888.00
     -7.10001       8.33724      2.98818      6.07104     0.717921      1405.00
     -8.10001       18.9191      3.55331      21.4471      3.80909      485.000
     -9.10001       12.2462      2.36449      14.0998      1.81417      811.000
     -10.1000       9.21409      2.79193      9.80534      1.52911      504.000
     -11.1000       8.26875      2.95967      3.58180      1.59819      552.000
     -12.1000       8.32435      2.82228      4.60630      2.03622      531.000
     -13.1000       8.89445      3.79340      12.3624      2.81114      373.000
     -14.1000       8.12135      3.68683      10.0967      1.95280      402.000
     -15.1000       11.2651      3.36866      15.7090      2.92260      387.000
     -16.1000       11.8748      3.50347      20.1941      3.33377      392.000
     -17.1000       7.06227      3.48425      3.87763      1.17638      509.000
     -18.1000       6.45230      3.03967     -3.56474     0.798314      560.000
     -19.1000       9.87509      2.72032     -4.57305      1.67330      486.000
     -20.1000       8.31947      2.67407     -3.37517      1.24792      527.000
     -21.1000       7.35223      2.01791     -1.32361      1.00380      480.000
     -22.1000       6.89610      1.79716     -4.20755      1.02141      276.000
     -23.1000       9.46703      2.05194     -7.24385      1.28914      231.000
     -24.1000       7.65620      1.53923      2.01172     0.802040      353.000
     -25.1000       7.90428      1.85810      2.80145     0.936708      341.000
     -26.1000       10.7678      2.56802     -2.25583      1.87944      291.000
     -27.1000       8.55711      2.44477      5.10917      2.11291      184.000
     -28.1000       5.70459      3.16445      10.3083      2.63985      137.000
     -29.1000       8.36199      3.63694      2.38073      3.58052      121.000
     -30.1000       12.9374      2.69575     -10.6745      3.30149      151.000
     -31.1000       9.08491      2.71582     -10.9761      3.62596      141.000
     -32.1000       5.55821      1.92162      1.09184      1.05491      134.000
     -33.1000       7.75635      1.67927      2.50100      1.47194      119.000
     -34.1000       8.37791      1.88625     0.495323      1.88463      123.000
     -35.1000       5.65267      2.17450      4.18658      2.19458      152.000
     -36.1000       6.24006      1.96448     0.757341     0.896226      219.000
     -37.1000       6.92141      2.35757     -5.73036      2.35310      244.000
     -38.1000       5.00568      1.73712     -2.14491      1.02096      224.000
     -39.1000       4.71882      1.74540    -0.106286     0.626985      238.000
     -40.1000       4.38413      1.53520    -0.293364     0.463338      239.000
     -41.1000       7.62769      2.05566      2.18936      1.63513      160.000
     -42.1000       6.59726      1.84589    0.0184810      1.68867      195.000
     -43.1000       4.51824      2.06740    -0.406897      1.09359      343.000
     -44.1000       3.96701      2.05244      1.02698     0.590827      591.000
     -45.1000       3.32175      2.21823      1.07876     0.593377      481.000
     -46.1000       3.96418      2.66637    -0.816151      1.01632      507.000
     -47.1000       8.16704      3.20368     -2.40660      2.44098      391.000
     -48.1000       12.2255      3.72047     -4.23380      2.44319      401.000
     -49.1000       11.2239      4.26708      9.57891      2.29003      383.000
     -50.1000       10.0096      3.96973      15.2138      3.39163      187.000
     -51.1000       5.64546      3.34414      2.79493      1.78447      159.000
     -52.1000       5.32260      2.49709     0.581203      1.63140      221.000
     -53.1000       4.29592      2.58933     -2.03294     0.907714      328.000
     -54.1000       2.61930      2.49940    -0.887055     0.666819      432.000
     -55.1000       2.25773      2.39593    -0.591506     0.338397      386.000
     -56.1000       3.42314      2.84856     0.254035     0.680127      280.000
     -57.1000       6.66641      3.82591     -5.07027      2.01192      206.000
     -58.1000       5.43307      3.99276     -2.48478      1.46833      258.000
     -59.1000       4.04216      2.84953      2.43779     0.751188      312.000
     -60.1000       0.00000      0.00000      0.00000      0.00000      0.00000
     -61.1000       0.00000      0.00000      0.00000      0.00000      0.00000
     -62.1000       0.00000      0.00000      0.00000      0.00000      0.00000
     -63.1000       0.00000      0.00000      0.00000      0.00000      0.00000
     -64.1000       0.00000      0.00000      0.00000      0.00000      0.00000
     -65.1000       0.00000      0.00000      0.00000      0.00000      0.00000
     -66.1000       0.00000      0.00000      0.00000      0.00000      0.00000
     -67.1000       0.00000      0.00000      0.00000      0.00000      0.00000
     -68.1000       0.00000      0.00000      0.00000      0.00000      0.00000
     -69.1000       0.00000      0.00000      0.00000      0.00000      0.00000
     -70.1000       0.00000      0.00000      0.00000      0.00000      0.00000
     -71.1000       0.00000      0.00000      0.00000      0.00000      0.00000
     -72.1000       0.00000      0.00000      0.00000      0.00000      0.00000
     -73.1000       0.00000      0.00000      0.00000      0.00000      0.00000
     -74.1000       0.00000      0.00000      0.00000      0.00000      0.00000
     -75.1000       0.00000      0.00000      0.00000      0.00000      0.00000
     -76.1000       0.00000      0.00000      0.00000      0.00000      0.00000
     -77.1000       0.00000      0.00000      0.00000      0.00000      0.00000
     -78.1000       0.00000      0.00000      0.00000      0.00000      0.00000
     -79.1000       0.00000      0.00000      0.00000      0.00000      0.00000
     -80.1000       0.00000      0.00000      0.00000      0.00000      0.00000
     -81.1000       0.00000      0.00000      0.00000      0.00000      0.00000
     -82.1000       0.00000      0.00000      0.00000      0.00000      0.00000
     -83.1000       0.00000      0.00000      0.00000      0.00000      0.00000
     -84.1000       0.00000      0.00000      0.00000      0.00000      0.00000
     -85.1000       0.00000      0.00000      0.00000      0.00000      0.00000
     -86.1000       0.00000      0.00000      0.00000      0.00000      0.00000
     -87.1000       0.00000      0.00000      0.00000      0.00000      0.00000
     -88.1000       0.00000      0.00000      0.00000      0.00000      0.00000
     -89.1000       0.00000      0.00000      0.00000      0.00000      0.00000
