      89.9000       0.00000      0.00000      0.00000      0.00000      0.00000
      88.9000       0.00000      0.00000      0.00000      0.00000      0.00000
      87.9000       0.00000      0.00000      0.00000      0.00000      0.00000
      86.9000       0.00000      0.00000      0.00000      0.00000      0.00000
      85.9000       0.00000      0.00000      0.00000      0.00000      0.00000
      84.9000       0.00000      0.00000      0.00000      0.00000      0.00000
      83.9000       0.00000      0.00000      0.00000      0.00000      0.00000
      82.9000       0.00000      0.00000      0.00000      0.00000      0.00000
      81.9000       0.00000      0.00000      0.00000      0.00000      0.00000
      80.9000       0.00000      0.00000      0.00000      0.00000      0.00000
      79.9000       0.00000      0.00000      0.00000      0.00000      0.00000
      78.9000       0.00000      0.00000      0.00000      0.00000      0.00000
      77.9000       0.00000      0.00000      0.00000      0.00000      0.00000
      76.9000       0.00000      0.00000      0.00000      0.00000      0.00000
      75.9000       0.00000      0.00000      0.00000      0.00000      0.00000
      74.9000       0.00000      0.00000      0.00000      0.00000      0.00000
      73.9000       0.00000      0.00000      0.00000      0.00000      0.00000
      72.9000       0.00000      0.00000      0.00000      0.00000      0.00000
      71.9000       0.00000      0.00000      0.00000      0.00000      0.00000
      70.9000       0.00000      0.00000      0.00000      0.00000      0.00000
      69.9000       0.00000      0.00000      0.00000      0.00000      0.00000
      68.9000       0.00000      0.00000      0.00000      0.00000      0.00000
      67.9000       0.00000      0.00000      0.00000      0.00000      0.00000
      66.9000       0.00000      0.00000      0.00000      0.00000      0.00000
      65.9000       0.00000      0.00000      0.00000      0.00000      0.00000
      64.9000       0.00000      0.00000      0.00000      0.00000      0.00000
      63.9000       0.00000      0.00000      0.00000      0.00000      0.00000
      62.9000       0.00000      0.00000      0.00000      0.00000      0.00000
      61.9000       0.00000      0.00000      0.00000      0.00000      0.00000
      60.9000       0.00000      0.00000      0.00000      0.00000      0.00000
      59.9000       3.78255      3.12373    -0.539591      1.45220      183.000
      58.9000       3.21318      2.71034     -1.61393     0.674623      245.000
      57.9000       2.62361      2.61938    -0.788508     0.321186      330.000
      56.9000       2.27740      2.22931   -0.0668140     0.383075      330.000
      55.9000       3.08585      2.31009     0.126364     0.697914      258.000
      54.9000       3.16399      2.74720    -0.765110     0.806241      215.000
      53.9000       5.81387      3.66180     -1.95647      2.35881      176.000
      52.9000       6.09113      4.51292     -4.61598      2.36825      196.000
      51.9000       4.54571      3.88335    -0.219140      1.44149      172.000
      50.9000       4.27629      3.79421      4.47188      1.67855      191.000
      49.9000       3.21798      2.55215      1.81677     0.573466      251.000
      48.9000       2.90682      2.40119      1.20513     0.716092      257.000
      47.9000       2.72712      2.40926   -0.0119660     0.724340      236.000
      46.9000       2.89512      1.90521    -0.811585     0.362990      171.000
      45.9000       2.86721      2.14451     -1.66768     0.832418      168.000
      44.9000       3.12183      1.72572     -1.04587     0.880424      182.000
      43.9000       3.39683      2.24618    0.0776858     0.707342      207.000
      42.9000       3.53205      2.50620      1.22274     0.832388      194.000
      41.9000       3.00593      2.49516    -0.936084     0.515272      202.000
      40.9000       3.30639      2.48707    -0.697769     0.761380      211.000
      39.9000       3.93891      2.29327     -2.35271     0.820028      212.000
      38.9000       5.66830      2.02133     0.168305     0.666265      252.000
      37.9000       4.92918      2.10038     0.366488     0.808389      246.000
      36.9000       5.17203      2.34027      1.22238      1.11995      301.000
      35.9000       4.21782      2.23946    -0.540132     0.724251      347.000
      34.9000       4.01183      2.36982     -1.10976     0.719192      299.000
      33.9000       6.98496      2.28351     -2.83896      1.47130      280.000
      32.9000       8.22009      2.17153     -3.70308      1.01569      300.000
      31.9000       6.70042      1.94710    -0.385049     0.642713      415.000
      30.9000       6.79370      2.41590      3.96277     0.849502      356.000
      29.9000       11.2186      2.62023      13.3439      2.87537      262.000
      28.9000       5.93701      1.95505     -3.06998      2.10061      362.000
      27.9000       4.89394      1.98130    -0.796139     0.757965      355.000
      26.9000       6.04177      2.05906     -3.05145     0.871684      552.000
      25.9000       9.88551      2.00091     -7.61407      1.31939      524.000
      24.9000       13.5956      1.85103     -7.50830      1.40873      455.000
      23.9000       23.3113      1.92881     -8.27068      3.06303      312.000
      22.9000       18.6135      1.72084     -8.81002      1.85100      427.000
      21.9000       18.8803      1.95647     -8.66939      2.52602      362.000
      20.9000       11.8705      1.63536      4.08522     0.897358      429.000
      19.9000       12.8390      2.25904      14.2576      4.43671      135.000
      18.9000       17.5589      2.51720      19.8858      4.00494      162.000
      17.9000       25.1472      3.72492      34.9477      6.42058      210.000
      16.9000       14.1108      3.85715      17.3325      3.78186      322.000
      15.9000       6.42834      3.82839      4.24327      1.23494      580.000
      14.9000       5.53650      3.84963      4.09552     0.771643      821.000
      13.9000       6.25383      3.67487     -4.08320     0.790136      803.000
      12.9000       9.77713      3.58210     -11.1871      1.53550      662.000
      11.9000       10.9900      3.44020     -13.0049      2.36850      541.000
      10.9000       11.1021      3.01463     -5.74899      1.71701      580.000
      9.89999       12.5575      2.58595     -5.44624     0.935177      1537.00
      8.89999       11.2839      2.73969     -5.97669      1.08836      1644.00
      7.89999       9.50906      2.89517     -2.26093     0.915798      1600.00
      6.89999       12.7159      3.37072     0.360225      1.63961      1344.00
      5.89999       19.1140      3.99095      11.4710      2.60302      1175.00
      4.89999       16.7112      5.05289      8.67877      2.99285      1060.00
      3.89999       12.2085      4.54980      3.86021      2.08510      1048.00
      2.89999       10.9878      3.72432      6.45014      1.59322      1323.00
      1.89999       8.42107      3.29965      2.17383      1.04340      1551.00
     0.899994       6.85441      2.61162      1.96326     0.672849      1602.00
    -0.100006       6.50522      2.33497    -0.201125     0.508265      1760.00
     -1.10001       5.74602      2.17428    -0.179761     0.292640      1815.00
     -2.10001       5.49479      2.26606     -2.20370     0.341237      1694.00
     -3.10001       8.01976      2.20273     -3.58470     0.645135      1415.00
     -4.10001       14.7646      3.12162     -19.2354      1.93881      1002.00
     -5.10001       11.1411      3.42390     -13.4519      1.13514      1419.00
     -6.10001       8.43652      3.00625     -4.28453     0.602999      2045.00
     -7.10001       9.58492      2.59791      4.46226     0.613754      1700.00
     -8.10001       18.5201      3.21574      22.1187      2.69305      605.000
     -9.10001       15.5880      2.54607      19.6835      2.34889      748.000
     -10.1000       8.69668      2.60049      7.47490      1.06992      568.000
     -11.1000       7.18678      2.54448      4.62407     0.837725      716.000
     -12.1000       5.53544      2.09005      3.89986     0.481198      796.000
     -13.1000       6.30315      1.98752      2.27144      1.00775      419.000
     -14.1000       7.24900      2.51139      5.31417      1.37508      364.000
     -15.1000       9.72313      2.34716      7.42913      2.09788      362.000
     -16.1000       7.26265      2.33816      5.78603      1.56422      412.000
     -17.1000       5.92949      2.54341    -0.946078     0.796848      487.000
     -18.1000       6.75612      2.63928     -2.15829     0.915250      532.000
     -19.1000       10.1621      2.75285     -9.34480      1.61224      438.000
     -20.1000       11.0491      2.55517     -8.43699      1.39972      404.000
     -21.1000       8.81950      2.77554     -4.30276      2.55738      274.000
     -22.1000       6.35587      1.42464     -5.47235      1.49492      133.000
     -23.1000       8.86521      2.18066     -8.33889      1.41092      208.000
     -24.1000       5.94911      1.30042     0.581852     0.542522      256.000
     -25.1000       5.28637      1.31534      2.39366     0.619638      290.000
     -26.1000       6.78566      1.73191      4.49456      1.28863      367.000
     -27.1000       7.87373      2.35020      7.55657      3.50414      227.000
     -28.1000       3.97170      2.84857     0.707271      1.40014      197.000
     -29.1000       6.81869      2.66188     -6.43743      2.77631      166.000
     -30.1000       11.1735      2.59998     -11.6665      2.86240      209.000
     -31.1000       8.75521      2.35892     -10.5728      2.93086      207.000
     -32.1000       5.78891      1.81698     -2.23270      1.00310      186.000
     -33.1000       7.82955      1.86375      3.60897      1.50940      171.000
     -34.1000       15.1604      3.18423      13.5317      6.29048      114.000
     -35.1000       16.9606      3.87977      10.4221      7.57963      111.000
     -36.1000       7.03999      3.21207     -2.75402      1.95583      179.000
     -37.1000       9.14740      2.65303     -5.31787      3.06183      214.000
     -38.1000       5.31841      2.19719     -4.17714      1.95906      385.000
     -39.1000       3.94292      1.96198    -0.142197     0.388466      506.000
     -40.1000       4.37566      1.99037      1.69942     0.486912      398.000
     -41.1000       7.65318      2.24306      4.25023      1.67721      238.000
     -42.1000       6.81611      2.44352      5.45174      1.89175      173.000
     -43.1000       3.77452      2.47293    -0.642879      1.45348      214.000
     -44.1000       6.32617      2.57698   -0.0297579      1.37755      428.000
     -45.1000       3.88905      2.28668   -0.0691434     0.585322      598.000
     -46.1000       3.31804      2.30067     -1.47781     0.481530      625.000
     -47.1000       7.42269      3.32714     -8.51898      1.90330      432.000
     -48.1000       12.9353      4.29616     -10.7946      2.55084      382.000
     -49.1000       10.2301      5.02032      3.49272      2.73758      402.000
     -50.1000       10.2979      3.61994      12.2412      3.21803      184.000
     -51.1000       4.31635      3.06959      2.73407      1.39609      222.000
     -52.1000       3.43951      2.26409     0.535184     0.759415      276.000
     -53.1000       3.66228      2.44966     0.527472     0.774164      341.000
     -54.1000       2.62945      2.20800     0.245924     0.372349      399.000
     -55.1000       2.36066      2.57621    -0.430431     0.334713      332.000
     -56.1000       4.05004      2.85605     -1.94514     0.887427      232.000
     -57.1000       7.48953      3.87874     -6.40758      2.24252      216.000
     -58.1000       6.21362      3.85906     0.314229      1.51962      317.000
     -59.1000       3.59627      2.96458      1.75538     0.594046      397.000
     -60.1000       0.00000      0.00000      0.00000      0.00000      0.00000
     -61.1000       0.00000      0.00000      0.00000      0.00000      0.00000
     -62.1000       0.00000      0.00000      0.00000      0.00000      0.00000
     -63.1000       0.00000      0.00000      0.00000      0.00000      0.00000
     -64.1000       0.00000      0.00000      0.00000      0.00000      0.00000
     -65.1000       0.00000      0.00000      0.00000      0.00000      0.00000
     -66.1000       0.00000      0.00000      0.00000      0.00000      0.00000
     -67.1000       0.00000      0.00000      0.00000      0.00000      0.00000
     -68.1000       0.00000      0.00000      0.00000      0.00000      0.00000
     -69.1000       0.00000      0.00000      0.00000      0.00000      0.00000
     -70.1000       0.00000      0.00000      0.00000      0.00000      0.00000
     -71.1000       0.00000      0.00000      0.00000      0.00000      0.00000
     -72.1000       0.00000      0.00000      0.00000      0.00000      0.00000
     -73.1000       0.00000      0.00000      0.00000      0.00000      0.00000
     -74.1000       0.00000      0.00000      0.00000      0.00000      0.00000
     -75.1000       0.00000      0.00000      0.00000      0.00000      0.00000
     -76.1000       0.00000      0.00000      0.00000      0.00000      0.00000
     -77.1000       0.00000      0.00000      0.00000      0.00000      0.00000
     -78.1000       0.00000      0.00000      0.00000      0.00000      0.00000
     -79.1000       0.00000      0.00000      0.00000      0.00000      0.00000
     -80.1000       0.00000      0.00000      0.00000      0.00000      0.00000
     -81.1000       0.00000      0.00000      0.00000      0.00000      0.00000
     -82.1000       0.00000      0.00000      0.00000      0.00000      0.00000
     -83.1000       0.00000      0.00000      0.00000      0.00000      0.00000
     -84.1000       0.00000      0.00000      0.00000      0.00000      0.00000
     -85.1000       0.00000      0.00000      0.00000      0.00000      0.00000
     -86.1000       0.00000      0.00000      0.00000      0.00000      0.00000
     -87.1000       0.00000      0.00000      0.00000      0.00000      0.00000
     -88.1000       0.00000      0.00000      0.00000      0.00000      0.00000
     -89.1000       0.00000      0.00000      0.00000      0.00000      0.00000
