     -89.2000      0.00000      0.00000      0.00000      0.00000      0.00000
     -88.2000      0.00000      0.00000      0.00000      0.00000      0.00000
     -87.2000      0.00000      0.00000      0.00000      0.00000      0.00000
     -86.2000      0.00000      0.00000      0.00000      0.00000      0.00000
     -85.2000      0.00000      0.00000      0.00000      0.00000      0.00000
     -84.2000      0.00000      0.00000      0.00000      0.00000      0.00000
     -83.2000      0.00000      0.00000      0.00000      0.00000      0.00000
     -82.2000      0.00000      0.00000      0.00000      0.00000      0.00000
     -81.2000      0.00000      0.00000      0.00000      0.00000      0.00000
     -80.2000      0.00000      0.00000      0.00000      0.00000      0.00000
     -79.2000      0.00000      0.00000      0.00000      0.00000      0.00000
     -78.2000      0.00000      0.00000      0.00000      0.00000      0.00000
     -77.2000      0.00000      0.00000      0.00000      0.00000      0.00000
     -76.2000      0.00000      0.00000      0.00000      0.00000      0.00000
     -75.2000      0.00000      0.00000      0.00000      0.00000      0.00000
     -74.2000      0.00000      0.00000      0.00000      0.00000      0.00000
     -73.2000      0.00000      0.00000      0.00000      0.00000      0.00000
     -72.2000      0.00000      0.00000      0.00000      0.00000      0.00000
     -71.2000      0.00000      0.00000      0.00000      0.00000      0.00000
     -70.2000      0.00000      0.00000      0.00000      0.00000      0.00000
     -69.2000      0.00000      0.00000      0.00000      0.00000      0.00000
     -68.2000      0.00000      0.00000      0.00000      0.00000      0.00000
     -67.2000      0.00000      0.00000      0.00000      0.00000      0.00000
     -66.2000      0.00000      0.00000      0.00000      0.00000      0.00000
     -65.2000      0.00000      0.00000      0.00000      0.00000      0.00000
     -64.2000      0.00000      0.00000      0.00000      0.00000      0.00000
     -63.2000      0.00000      0.00000      0.00000      0.00000      0.00000
     -62.2000      0.00000      0.00000      0.00000      0.00000      0.00000
     -61.2000      0.00000      0.00000      0.00000      0.00000      0.00000
     -60.2000      0.00000      0.00000      0.00000      0.00000      0.00000
     -59.2000      2.25732      1.66119      1.49148     0.378642      1018.00
     -58.2000      4.00859      2.39976    -0.780149     0.758134      905.000
     -57.2000      5.08267      2.63917     -4.71973     0.911403      707.000
     -56.2000      2.26246      2.19291    -0.788184     0.350042      907.000
     -55.2000      1.30959      1.71053    -0.263756     0.218712      1188.00
     -54.2000      1.45022      1.24280    0.0470027     0.272190      1326.00
     -53.2000      2.56565      1.40622    -0.758809     0.460948      1127.00
     -52.2000      3.22842      1.75438     0.862671     0.534944      818.000
     -51.2000      4.31061      2.64558      1.89853     0.686247      575.000
     -50.2000      8.59611      3.54187      11.6099      1.28405      506.000
     -49.2000      7.90166      2.86518      5.36602      1.39364      1009.00
     -48.2000      8.77776      2.75168     -9.27408      1.45795      940.000
     -47.2000      5.04963      2.11135     -5.89578      1.10650      1024.00
     -46.2000      1.81832      1.35828    -0.854090     0.442347      1421.00
     -45.2000      2.14442      1.17900     0.349088     0.362540      1333.00
     -44.2000      3.13520      1.26971      1.31647     0.532264      1313.00
     -43.2000      2.94993      1.44087     0.312820     0.608117      1091.00
     -42.2000      4.68710      1.70849      5.38827     0.827528      952.000
     -41.2000      4.86210      1.48626      4.79633     0.758225      1058.00
     -40.2000      2.19747      1.03357      1.04249     0.273925      1399.00
     -39.2000      3.63229      1.18137    -0.252646     0.751016      1555.00
     -38.2000      4.09863      1.45442     -3.08173     0.949285      1373.00
     -37.2000      3.77664      1.73249     -1.89899     0.884139      1461.00
     -36.2000      4.27274      1.82405      2.84469     0.918809      1440.00
     -35.2000      6.00951      1.94230      12.0463      1.86900      1261.00
     -34.2000      8.79397      1.76065      13.9116      1.59016      1239.00
     -33.2000      4.80926      1.06236      3.25184     0.625077      1844.00
     -32.2000      3.50768      1.10895     -1.98159     0.575861      1929.00
     -31.2000      5.51666      1.54896     -11.6548      1.12487      1510.00
     -30.2000      5.94467      1.85480     -10.6923      1.21127      1371.00
     -29.2000      3.54432      1.95686     -3.20190     0.974123      1239.00
     -28.2000      3.98470      1.97296      3.35329     0.668808      1156.00
     -27.2000      5.64542      1.51102      5.41929      1.02841      1245.00
     -26.2000      3.79932      1.06004      1.70854     0.720253      1902.00
     -25.2000      5.62615      1.47049      3.31701     0.891365      1455.00
     -24.2000      5.23026      1.30594      3.34110     0.815369      1457.00
     -23.2000      7.38420      1.74033     -5.90024      1.45953      1072.00
     -22.2000      4.67054      1.69204     -5.24673     0.898079      1070.00
     -21.2000      7.31271      1.89804     -8.71564      1.35450      1470.00
     -20.2000      6.40657      1.64550     -8.60763      1.09763      1707.00
     -19.2000      5.60884      1.67073     -5.33033      1.18941      1714.00
     -18.2000      3.43914      1.35508     0.453476     0.700254      1999.00
     -17.2000      4.28626      1.31665     0.660049      1.00587      1916.00
     -16.2000      5.10279      1.36992      11.3027      1.35225      1697.00
     -15.2000      5.13891      1.30642      11.2304      1.40983      1634.00
     -14.2000      4.80491      1.38823      4.61030      1.79219      1666.00
     -13.2000      6.69201      1.60375     -2.50118      3.08753      1753.00
     -12.2000      4.78070      1.24611      1.37265      1.50860      1953.00
     -11.2000      4.63045      1.29225      4.92281      1.02635      1812.00
     -10.2000      6.24458      1.49478      13.8949      2.00732      1478.00
     -9.20000      7.92642      1.20311      20.2947      1.94591      2212.00
     -8.20000      11.2629      2.16082      15.6518      2.01506      1477.00
     -7.20000      3.83148     0.869440      2.23723     0.722297      3962.00
     -6.20000      4.57045     0.941185     -8.84503     0.875875      4714.00
     -5.20000      5.61190      1.14745     -17.5887      1.30822      3477.00
     -4.20000      7.11560      1.22562     -16.9281      1.48177      2504.00
     -3.20000      3.66563     0.802514     -2.69459     0.527564      3124.00
     -2.20000      2.25197     0.611413     -2.39602     0.265143      3932.00
     -1.20000      2.02903     0.536290     -1.31359     0.221572      4260.00
    -0.200005      2.16807     0.658013     0.182846     0.360312      4120.00
     0.799995      2.37336     0.675414      2.50526     0.450401      3823.00
      1.80000      2.62924     0.888846      3.32084     0.647399      3569.00
      2.80000      3.72601      1.16407      4.20154     0.967297      2943.00
      3.80000      4.81045      1.88725      3.67078      1.53106      2275.00
      4.80000      7.27551      2.25915      8.34978      2.02641      2196.00
      5.80000      7.71562      1.61967      9.13098      1.98274      2480.00
      6.80000      5.06010      1.20653      1.27703      1.14149      2893.00
      7.80000      3.52452     0.999676     -3.19405     0.782141      3409.00
      8.80000      3.61433     0.921019     -4.17137     0.736914      3495.00
      9.80000      5.95141     0.990307     -6.36813     0.864099      3469.00
      10.8000      6.54232      1.72234     -6.37032      1.34370      1454.00
      11.8000      6.10073      2.08143     -16.9635      1.71594      1401.00
      12.8000      4.15578      1.86600     -10.5933     0.994774      1682.00
      13.8000      2.62509      1.54463     -2.41309     0.679906      2068.00
      14.8000      2.21757      1.36089      4.18535     0.562713      2320.00
      15.8000      2.83931      1.28609      6.04370     0.744521      2147.00
      16.8000      8.70403      2.10637      12.1216      1.66730      1247.00
      17.8000      21.1327      2.50169      28.3927      2.71602      773.000
      18.8000      16.0650      2.39315      22.1424      1.91543      565.000
      19.8000      9.09306      1.83508      12.7364      1.53962      639.000
      20.8000      5.58408     0.866144      2.88514     0.496957      1473.00
      21.8000      10.6835      1.15153     -4.32577      1.21218      1309.00
      22.8000      10.7974     0.936158     -7.67629      1.14731      1429.00
      23.8000      17.1600      1.12578     -11.7907      1.76008      1117.00
      24.8000      7.82698     0.923805     -6.78390     0.899335      1739.00
      25.8000      3.86168     0.863107     -5.17385     0.613409      1863.00
      26.8000      3.45647      1.01413     -2.13749     0.669619      1556.00
      27.8000      2.77843      1.27647    0.0118516     0.489118      1127.00
      28.8000      3.84585      1.38423      1.24541     0.705147      1076.00
      29.8000      8.79909      1.83321      12.5426      1.48467      831.000
      30.8000      4.28936      1.55062      2.73405     0.484701      1127.00
      31.8000      3.31177      1.01179     -1.55409     0.438602      1743.00
      32.8000      6.05437      1.39534     -8.01502     0.830725      1435.00
      33.8000      5.69682      1.39925     -1.77383     0.676401      1308.00
      34.8000      4.32460      1.43542   -0.0576794     0.503474      1416.00
      35.8000      3.51382      1.35393      1.16007     0.766823      1654.00
      36.8000      3.47960      1.42521      3.19074     0.687586      1670.00
      37.8000      3.04202      1.32227      1.78083     0.488452      1489.00
      38.8000      2.98729      1.35399    -0.857191     0.391955      1532.00
      39.8000      2.05547      1.27953     -1.03591     0.527230      1614.00
      40.8000      1.36497      1.08712    0.0413428     0.233964      1689.00
      41.8000      1.57767      1.26264     0.555460     0.251479      1651.00
      42.8000      1.70580      1.24011     0.256298     0.266228      1604.00
      43.8000      1.80178      1.36062     -1.57936     0.373406      1507.00
      44.8000      2.00861      1.35889    -0.581587     0.314071      1369.00
      45.8000      2.05886      1.47672    -0.869715     0.346218      1311.00
      46.8000      1.78017      1.62571     -1.61525     0.491806      1309.00
      47.8000      1.84192      1.59225     -1.46117     0.471798      1393.00
      48.8000      1.68113      1.29605    -0.222712     0.546146      1531.00
      49.8000      1.39813      1.21496      1.95461     0.274064      1554.00
      50.8000      2.51254      1.72457      3.10975     0.551680      1313.00
      51.8000      2.80622      2.08913     0.994820     0.534661      1135.00
      52.8000      2.63560      2.20681     -2.37675     0.609073      1098.00
      53.8000      2.51608      2.02799     -1.82964     0.697766      1017.00
      54.8000      1.95955      1.65446   -0.0143795     0.537567      1102.00
      55.8000      1.55155      1.57730     0.242485     0.405355      1252.00
      56.8000      1.33512      1.47959     0.306106     0.343249      1400.00
      57.8000      1.62987      1.47287     0.214873     0.236784      1335.00
      58.8000      2.11938      1.98927      1.12045     0.414492      1188.00
      59.8000      2.81475      2.39856      1.09246     0.526566      924.000
      60.8000      0.00000      0.00000      0.00000      0.00000      0.00000
      61.8000      0.00000      0.00000      0.00000      0.00000      0.00000
      62.8000      0.00000      0.00000      0.00000      0.00000      0.00000
      63.8000      0.00000      0.00000      0.00000      0.00000      0.00000
      64.8000      0.00000      0.00000      0.00000      0.00000      0.00000
      65.8000      0.00000      0.00000      0.00000      0.00000      0.00000
      66.8000      0.00000      0.00000      0.00000      0.00000      0.00000
      67.8000      0.00000      0.00000      0.00000      0.00000      0.00000
      68.8000      0.00000      0.00000      0.00000      0.00000      0.00000
      69.8000      0.00000      0.00000      0.00000      0.00000      0.00000
      70.8000      0.00000      0.00000      0.00000      0.00000      0.00000
      71.8000      0.00000      0.00000      0.00000      0.00000      0.00000
      72.8000      0.00000      0.00000      0.00000      0.00000      0.00000
      73.8000      0.00000      0.00000      0.00000      0.00000      0.00000
      74.8000      0.00000      0.00000      0.00000      0.00000      0.00000
      75.8000      0.00000      0.00000      0.00000      0.00000      0.00000
      76.8000      0.00000      0.00000      0.00000      0.00000      0.00000
      77.8000      0.00000      0.00000      0.00000      0.00000      0.00000
      78.8000      0.00000      0.00000      0.00000      0.00000      0.00000
      79.8000      0.00000      0.00000      0.00000      0.00000      0.00000
      80.8000      0.00000      0.00000      0.00000      0.00000      0.00000
      81.8000      0.00000      0.00000      0.00000      0.00000      0.00000
      82.8000      0.00000      0.00000      0.00000      0.00000      0.00000
      83.8000      0.00000      0.00000      0.00000      0.00000      0.00000
      84.8000      0.00000      0.00000      0.00000      0.00000      0.00000
      85.8000      0.00000      0.00000      0.00000      0.00000      0.00000
      86.8000      0.00000      0.00000      0.00000      0.00000      0.00000
      87.8000      0.00000      0.00000      0.00000      0.00000      0.00000
      88.8000      0.00000      0.00000      0.00000      0.00000      0.00000
      89.8000      0.00000      0.00000      0.00000      0.00000      0.00000
