      89.8000       0.00000      0.00000      0.00000      0.00000
      88.8000       0.00000      0.00000      0.00000      0.00000
      87.8000       0.00000      0.00000      0.00000      0.00000
      86.8000       0.00000      0.00000      0.00000      0.00000
      85.8000       0.00000      0.00000      0.00000      0.00000
      84.8000       0.00000      0.00000      0.00000      0.00000
      83.8000       0.00000      0.00000      0.00000      0.00000
      82.8000       0.00000      0.00000      0.00000      0.00000
      81.8000       0.00000      0.00000      0.00000      0.00000
      80.8000       0.00000      0.00000      0.00000      0.00000
      79.8000       0.00000      0.00000      0.00000      0.00000
      78.8000       0.00000      0.00000      0.00000      0.00000
      77.8000       0.00000      0.00000      0.00000      0.00000
      76.8000       0.00000      0.00000      0.00000      0.00000
      75.8000       0.00000      0.00000      0.00000      0.00000
      74.8000       0.00000      0.00000      0.00000      0.00000
      73.8000       0.00000      0.00000      0.00000      0.00000
      72.8000       0.00000      0.00000      0.00000      0.00000
      71.8000       0.00000      0.00000      0.00000      0.00000
      70.8000       0.00000      0.00000      0.00000      0.00000
      69.8000       0.00000      0.00000      0.00000      0.00000
      68.8000       0.00000      0.00000      0.00000      0.00000
      67.8000       0.00000      0.00000      0.00000      0.00000
      66.8000       0.00000      0.00000      0.00000      0.00000
      65.8000       0.00000      0.00000      0.00000      0.00000
      64.8000       0.00000      0.00000      0.00000      0.00000
      63.8000       0.00000      0.00000      0.00000      0.00000
      62.8000       0.00000      0.00000      0.00000      0.00000
      61.8000       0.00000      0.00000      0.00000      0.00000
      60.8000       0.00000      0.00000      0.00000      0.00000
      59.8000       3.40279      3.46066     0.918702     0.428335
      58.8000       3.68046      3.16600      1.05689     0.481513
      57.8000       3.11040      2.76964    0.0514989     0.342677
      56.8000       2.48923      2.59459   0.00116595     0.268554
      55.8000       2.69834      2.56294    0.0499149     0.309424
      54.8000       3.40652      2.60789     -1.01362     0.393587
      53.8000       3.38262      2.85505    -0.138289     0.575261
      52.8000       4.08102      3.43444     -1.85373     0.671571
      51.8000       5.19721      3.47316    -0.419253     0.560129
      50.8000       4.03252      3.28365      1.94371     0.437088
      49.8000       3.37709      2.57592      1.95190     0.293906
      48.8000       3.27352      2.37647    -0.426597     0.464513
      47.8000       3.35135      2.72182    -0.909302     0.482967
      46.8000       3.64953      2.70269     -1.73986     0.423021
      45.8000       3.14911      2.46620    -0.340253     0.409091
      44.8000       3.23114      2.14710    -0.867622     0.241180
      43.8000       3.75380      2.42833     -1.44780     0.340041
      42.8000       4.20727      2.55509    0.0810046     0.266071
      41.8000       3.34147      2.66840      1.00460     0.271047
      40.8000       3.19665      2.25154    -0.431414     0.216040
      39.8000       4.03088      2.40918    -0.976665     0.322379
      38.8000       5.33963      2.45843    -0.611892     0.438568
      37.8000       5.98947      2.51894     0.831715     0.471956
      36.8000       6.54818      2.91266      4.33173     0.749091
      35.8000       6.93337      3.11822      1.52391     0.815551
      34.8000       6.05975      2.88868     0.340275     0.613529
      33.8000       6.92160      2.61017    -0.727599     0.762490
      32.8000       10.0369      2.40045     -4.43998     0.818220
      31.8000       8.08913      2.14204     -3.37819     0.504114
      30.8000       6.50485      2.29136      2.38898     0.390111
      29.8000       11.2063      2.56281      10.3479      1.09303
      28.8000       7.60561      2.07466      6.82517      1.19492
      27.8000       4.83987      1.99487     0.158768     0.368161
      26.8000       4.63641      2.10728      1.36817     0.606655
      25.8000       9.50425      2.10534     -5.57478     0.751034
      24.8000       12.1057      1.99740     -8.68662     0.859891
      23.8000       22.6188      1.87268     -6.13573      1.53163
      22.8000       22.4539      1.64558     -5.62824      1.26612
      21.8000       20.9202      1.95761     -7.40909      1.49285
      20.8000       12.7448      1.80391      3.99283     0.600839
      19.8000       8.89303      2.14152      7.36724     0.898295
      18.8000       20.1300      2.83995      18.0952      2.88583
      17.8000       29.1538      3.43507      35.5140      4.26173
      16.8000       18.4193      3.57282      21.4514      2.36841
      15.8000       7.84222      3.83619      8.26864     0.854068
      14.8000       6.45945      4.08709      4.38067     0.613614
      13.8000       6.61515      3.97599     0.755665     0.612219
      12.8000       8.27718      3.86528     -8.17294     0.987213
      11.8000       10.9048      4.04017     -18.2888      1.40174
      10.8000       10.7755      3.53664     -9.03389      1.30849
      9.80000       12.8290      3.05087     -5.98191     0.802538
      8.80000       12.8678      3.18707     -4.33690     0.790925
      7.80000       11.0357      2.95998     -2.34087     0.698764
      6.80000       12.9023      3.24834     -2.44594     0.989027
      5.80000       18.8728      3.98941      8.03494      1.60251
      4.80000       16.9462      5.01243      10.0001      2.02470
      3.80000       13.4428      5.04966      5.47877      1.80451
      2.80000       11.0449      4.08156      2.04688     0.970261
      1.80000       9.10059      3.28963      3.49137     0.692064
     0.799995       7.85534      2.73278      3.07751     0.507197
    -0.200005       7.28514      2.45054   -0.0685077     0.390416
     -1.20000       6.84219      2.15276    -0.291147     0.309591
     -2.20000       6.43718      2.26939     -2.71038     0.267816
     -3.20000       7.74293      2.31134     -2.48195     0.435781
     -4.20000       15.4299      3.01701     -13.8733      1.43487
     -5.20000       14.6150      3.53251     -18.1881      1.14893
     -6.20000       11.6566      3.49895     -9.98517     0.950552
     -7.20000       9.69513      3.30300     -2.46518     0.689349
     -8.20000       15.5232      3.77465      7.64657      1.33170
     -9.20000       19.6887      3.41280      19.4020      2.58755
     -10.2000       14.0998      2.94159      21.1606      2.30148
     -11.2000       10.1666      2.85980      5.76764     0.862628
     -12.2000       9.05791      2.61582      3.36788     0.915942
     -13.2000       10.1159      2.88146    -0.927952      1.63966
     -14.2000       9.11825      2.93515      2.21334      1.39898
     -15.2000       10.5577      2.74379      7.91193      1.25321
     -16.2000       10.1159      2.81914      11.1957      1.30233
     -17.2000       7.73457      2.89090      3.72642     0.805194
     -18.2000       7.47800      2.98791    -0.966395     0.684754
     -19.2000       10.3085      3.32588     -1.91218      1.17893
     -20.2000       12.3020      3.33837     -9.89191      1.13874
     -21.2000       11.8947      3.04346     -8.75569      1.04221
     -22.2000       7.98303      2.91898     -5.26535      1.08834
     -23.2000       12.4454      2.99759     -13.8520      1.61110
     -24.2000       9.31321      2.48596      1.87668     0.686192
     -25.2000       8.42257      2.14669      2.62196     0.678171
     -26.2000       7.82034      2.39372      2.26101     0.748084
     -27.2000       8.68817      2.61434      5.84616      1.04508
     -28.2000       6.05966      3.20721      2.75341     0.835879
     -29.2000       5.38100      3.41371   -0.0444238     0.831851
     -30.2000       8.95421      3.36924     -8.11601      1.23096
     -31.2000       10.3171      3.07312     -12.4340      1.38673
     -32.2000       7.74361      2.47555     -3.57410     0.629492
     -33.2000       7.77140      2.54420     0.881115     0.543557
     -34.2000       12.4445      2.80280      8.70813      1.13878
     -35.2000       11.5080      3.54738      13.9043      1.92206
     -36.2000       6.99705      3.56837      4.47691     0.816208
     -37.2000       6.51738      3.56875     -2.20679     0.734509
     -38.2000       6.08892      3.00163     -1.66176     0.723774
     -39.2000       7.15604      2.31569     -1.25160     0.654140
     -40.2000       5.15338      2.04210     0.711285     0.299784
     -41.2000       6.77784      2.03274      3.80775     0.628736
     -42.2000       7.00991      2.36592      4.99688     0.897195
     -43.2000       4.61034      2.19347      1.40879     0.597636
     -44.2000       5.19976      2.31210      2.19593     0.609584
     -45.2000       4.27416      2.24894     0.414949     0.384544
     -46.2000       3.44611      2.47831   -0.0374578     0.377014
     -47.2000       5.02855      3.03492     -3.47410     0.641186
     -48.2000       13.3534      3.98183     -11.1855      2.15110
     -49.2000       11.3883      4.37563      4.88819      1.49004
     -50.2000       12.5373      4.39373      17.8962      2.57747
     -51.2000       7.00796      3.53834      2.82262      1.45127
     -52.2000       5.05923      2.56599   -0.0259206     0.869898
     -53.2000       4.47952      2.52332    -0.606361     0.607024
     -54.2000       3.06269      2.42858   -0.0173743     0.302337
     -55.2000       2.43360      2.64834     0.194588     0.219416
     -56.2000       3.05612      3.01608    -0.760249     0.351167
     -57.2000       6.48589      3.55578     -5.50673      1.19358
     -58.2000       6.25866      3.70763    -0.266555     0.939419
     -59.2000       4.38701      3.30890      2.26611     0.583206
     -60.2000       0.00000      0.00000      0.00000      0.00000
     -61.2000       0.00000      0.00000      0.00000      0.00000
     -62.2000       0.00000      0.00000      0.00000      0.00000
     -63.2000       0.00000      0.00000      0.00000      0.00000
     -64.2000       0.00000      0.00000      0.00000      0.00000
     -65.2000       0.00000      0.00000      0.00000      0.00000
     -66.2000       0.00000      0.00000      0.00000      0.00000
     -67.2000       0.00000      0.00000      0.00000      0.00000
     -68.2000       0.00000      0.00000      0.00000      0.00000
     -69.2000       0.00000      0.00000      0.00000      0.00000
     -70.2000       0.00000      0.00000      0.00000      0.00000
     -71.2000       0.00000      0.00000      0.00000      0.00000
     -72.2000       0.00000      0.00000      0.00000      0.00000
     -73.2000       0.00000      0.00000      0.00000      0.00000
     -74.2000       0.00000      0.00000      0.00000      0.00000
     -75.2000       0.00000      0.00000      0.00000      0.00000
     -76.2000       0.00000      0.00000      0.00000      0.00000
     -77.2000       0.00000      0.00000      0.00000      0.00000
     -78.2000       0.00000      0.00000      0.00000      0.00000
     -79.2000       0.00000      0.00000      0.00000      0.00000
     -80.2000       0.00000      0.00000      0.00000      0.00000
     -81.2000       0.00000      0.00000      0.00000      0.00000
     -82.2000       0.00000      0.00000      0.00000      0.00000
     -83.2000       0.00000      0.00000      0.00000      0.00000
     -84.2000       0.00000      0.00000      0.00000      0.00000
     -85.2000       0.00000      0.00000      0.00000      0.00000
     -86.2000       0.00000      0.00000      0.00000      0.00000
     -87.2000       0.00000      0.00000      0.00000      0.00000
     -88.2000       0.00000      0.00000      0.00000      0.00000
     -89.2000       0.00000      0.00000      0.00000      0.00000
