      89.9000       0.00000      0.00000      0.00000      0.00000
      88.9000       0.00000      0.00000      0.00000      0.00000
      87.9000       0.00000      0.00000      0.00000      0.00000
      86.9000       0.00000      0.00000      0.00000      0.00000
      85.9000       0.00000      0.00000      0.00000      0.00000
      84.9000       0.00000      0.00000      0.00000      0.00000
      83.9000       0.00000      0.00000      0.00000      0.00000
      82.9000       0.00000      0.00000      0.00000      0.00000
      81.9000       0.00000      0.00000      0.00000      0.00000
      80.9000       0.00000      0.00000      0.00000      0.00000
      79.9000       0.00000      0.00000      0.00000      0.00000
      78.9000       0.00000      0.00000      0.00000      0.00000
      77.9000       0.00000      0.00000      0.00000      0.00000
      76.9000       0.00000      0.00000      0.00000      0.00000
      75.9000       0.00000      0.00000      0.00000      0.00000
      74.9000       0.00000      0.00000      0.00000      0.00000
      73.9000       0.00000      0.00000      0.00000      0.00000
      72.9000       0.00000      0.00000      0.00000      0.00000
      71.9000       0.00000      0.00000      0.00000      0.00000
      70.9000       0.00000      0.00000      0.00000      0.00000
      69.9000       0.00000      0.00000      0.00000      0.00000
      68.9000       0.00000      0.00000      0.00000      0.00000
      67.9000       0.00000      0.00000      0.00000      0.00000
      66.9000       0.00000      0.00000      0.00000      0.00000
      65.9000       0.00000      0.00000      0.00000      0.00000
      64.9000       0.00000      0.00000      0.00000      0.00000
      63.9000       0.00000      0.00000      0.00000      0.00000
      62.9000       0.00000      0.00000      0.00000      0.00000
      61.9000       0.00000      0.00000      0.00000      0.00000
      60.9000       0.00000      0.00000      0.00000      0.00000
      59.9000       0.00000      0.00000    -0.539591      1.45220
      58.9000       0.00000      0.00000     -1.61393     0.674623
      57.9000       0.00000      0.00000    -0.788508     0.321186
      56.9000       0.00000      0.00000   -0.0668140     0.383075
      55.9000       0.00000      0.00000     0.126364     0.697914
      54.9000       0.00000      0.00000    -0.765110     0.806241
      53.9000       0.00000      0.00000     -1.95647      2.35881
      52.9000       0.00000      0.00000     -4.61598      2.36825
      51.9000       0.00000      0.00000    -0.219140      1.44149
      50.9000       0.00000      0.00000      4.47188      1.67855
      49.9000       0.00000      0.00000      1.81677     0.573466
      48.9000       0.00000      0.00000      1.20513     0.716092
      47.9000       0.00000      0.00000   -0.0119660     0.724340
      46.9000       0.00000      0.00000    -0.811585     0.362990
      45.9000       0.00000      0.00000     -1.66768     0.832418
      44.9000       0.00000      0.00000     -1.04587     0.880424
      43.9000       0.00000      0.00000    0.0776858     0.707342
      42.9000       0.00000      0.00000      1.22274     0.832388
      41.9000       0.00000      0.00000    -0.936084     0.515272
      40.9000       0.00000      0.00000    -0.697769     0.761380
      39.9000       0.00000      0.00000     -2.35271     0.820028
      38.9000       0.00000      0.00000     0.168305     0.666265
      37.9000       0.00000      0.00000     0.366488     0.808389
      36.9000       0.00000      0.00000      1.22238      1.11995
      35.9000       0.00000      0.00000    -0.540132     0.724251
      34.9000       0.00000      0.00000     -1.10976     0.719192
      33.9000       0.00000      0.00000     -2.83896      1.47130
      32.9000       0.00000      0.00000     -3.70308      1.01569
      31.9000       0.00000      0.00000    -0.385049     0.642713
      30.9000       0.00000      0.00000      3.96277     0.849502
      29.9000       0.00000      0.00000      13.3439      2.87537
      28.9000       0.00000      0.00000     -3.06998      2.10061
      27.9000       0.00000      0.00000    -0.796139     0.757965
      26.9000       0.00000      0.00000     -3.05145     0.871684
      25.9000       0.00000      0.00000     -7.61407      1.31939
      24.9000       0.00000      0.00000     -7.50830      1.40873
      23.9000       0.00000      0.00000     -8.27068      3.06303
      22.9000       0.00000      0.00000     -8.81002      1.85100
      21.9000       0.00000      0.00000     -8.66939      2.52602
      20.9000       0.00000      0.00000      4.08522     0.897358
      19.9000       0.00000      0.00000      14.2576      4.43671
      18.9000       0.00000      0.00000      19.8858      4.00494
      17.9000       0.00000      0.00000      34.9477      6.42058
      16.9000       0.00000      0.00000      17.3325      3.78186
      15.9000       0.00000      0.00000      4.24327      1.23494
      14.9000       0.00000      0.00000      4.09552     0.771643
      13.9000       0.00000      0.00000     -4.08320     0.790136
      12.9000       0.00000      0.00000     -11.1871      1.53550
      11.9000       0.00000      0.00000     -13.0049      2.36850
      10.9000       0.00000      0.00000     -5.74899      1.71701
      9.89999       0.00000      0.00000     -5.44624     0.935177
      8.89999       0.00000      0.00000     -5.97669      1.08836
      7.89999       0.00000      0.00000     -2.26093     0.915798
      6.89999       0.00000      0.00000     0.360225      1.63961
      5.89999       0.00000      0.00000      11.4710      2.60302
      4.89999       0.00000      0.00000      8.67877      2.99285
      3.89999       0.00000      0.00000      3.86021      2.08510
      2.89999       0.00000      0.00000      6.45014      1.59322
      1.89999       0.00000      0.00000      2.17383      1.04340
     0.899994       0.00000      0.00000      1.96326     0.672849
    -0.100006       0.00000      0.00000    -0.201125     0.508265
     -1.10001       0.00000      0.00000    -0.179761     0.292640
     -2.10001       0.00000      0.00000     -2.20370     0.341237
     -3.10001       0.00000      0.00000     -3.58470     0.645135
     -4.10001       0.00000      0.00000     -19.2354      1.93881
     -5.10001       0.00000      0.00000     -13.4519      1.13514
     -6.10001       0.00000      0.00000     -4.28453     0.602999
     -7.10001       0.00000      0.00000      4.46226     0.613754
     -8.10001       0.00000      0.00000      22.1187      2.69305
     -9.10001       0.00000      0.00000      19.6835      2.34889
     -10.1000       0.00000      0.00000      7.47490      1.06992
     -11.1000       0.00000      0.00000      4.62407     0.837725
     -12.1000       0.00000      0.00000      3.89986     0.481198
     -13.1000       0.00000      0.00000      2.27144      1.00775
     -14.1000       0.00000      0.00000      5.31417      1.37508
     -15.1000       0.00000      0.00000      7.42913      2.09788
     -16.1000       0.00000      0.00000      5.78603      1.56422
     -17.1000       0.00000      0.00000    -0.946078     0.796848
     -18.1000       0.00000      0.00000     -2.15829     0.915250
     -19.1000       0.00000      0.00000     -9.34480      1.61224
     -20.1000       0.00000      0.00000     -8.43699      1.39972
     -21.1000       0.00000      0.00000     -4.30276      2.55738
     -22.1000       0.00000      0.00000     -5.47235      1.49492
     -23.1000       0.00000      0.00000     -8.33889      1.41092
     -24.1000       0.00000      0.00000     0.581852     0.542522
     -25.1000       0.00000      0.00000      2.39366     0.619638
     -26.1000       0.00000      0.00000      4.49456      1.28863
     -27.1000       0.00000      0.00000      7.55657      3.50414
     -28.1000       0.00000      0.00000     0.707271      1.40014
     -29.1000       0.00000      0.00000     -6.43743      2.77631
     -30.1000       0.00000      0.00000     -11.6665      2.86240
     -31.1000       0.00000      0.00000     -10.5728      2.93086
     -32.1000       0.00000      0.00000     -2.23270      1.00310
     -33.1000       0.00000      0.00000      3.60897      1.50940
     -34.1000       0.00000      0.00000      13.5317      6.29048
     -35.1000       0.00000      0.00000      10.4221      7.57963
     -36.1000       0.00000      0.00000     -2.75402      1.95583
     -37.1000       0.00000      0.00000     -5.31787      3.06183
     -38.1000       0.00000      0.00000     -4.17714      1.95906
     -39.1000       0.00000      0.00000    -0.142197     0.388466
     -40.1000       0.00000      0.00000      1.69942     0.486912
     -41.1000       0.00000      0.00000      4.25023      1.67721
     -42.1000       0.00000      0.00000      5.45174      1.89175
     -43.1000       0.00000      0.00000    -0.642879      1.45348
     -44.1000       0.00000      0.00000   -0.0297579      1.37755
     -45.1000       0.00000      0.00000   -0.0691434     0.585322
     -46.1000       0.00000      0.00000     -1.47781     0.481530
     -47.1000       0.00000      0.00000     -8.51898      1.90330
     -48.1000       0.00000      0.00000     -10.7946      2.55084
     -49.1000       0.00000      0.00000      3.49272      2.73758
     -50.1000       0.00000      0.00000      12.2412      3.21803
     -51.1000       0.00000      0.00000      2.73407      1.39609
     -52.1000       0.00000      0.00000     0.535184     0.759415
     -53.1000       0.00000      0.00000     0.527472     0.774164
     -54.1000       0.00000      0.00000     0.245924     0.372349
     -55.1000       0.00000      0.00000    -0.430431     0.334713
     -56.1000       0.00000      0.00000     -1.94514     0.887427
     -57.1000       0.00000      0.00000     -6.40758      2.24252
     -58.1000       0.00000      0.00000     0.314229      1.51962
     -59.1000       0.00000      0.00000      1.75538     0.594046
     -60.1000       0.00000      0.00000      0.00000      0.00000
     -61.1000       0.00000      0.00000      0.00000      0.00000
     -62.1000       0.00000      0.00000      0.00000      0.00000
     -63.1000       0.00000      0.00000      0.00000      0.00000
     -64.1000       0.00000      0.00000      0.00000      0.00000
     -65.1000       0.00000      0.00000      0.00000      0.00000
     -66.1000       0.00000      0.00000      0.00000      0.00000
     -67.1000       0.00000      0.00000      0.00000      0.00000
     -68.1000       0.00000      0.00000      0.00000      0.00000
     -69.1000       0.00000      0.00000      0.00000      0.00000
     -70.1000       0.00000      0.00000      0.00000      0.00000
     -71.1000       0.00000      0.00000      0.00000      0.00000
     -72.1000       0.00000      0.00000      0.00000      0.00000
     -73.1000       0.00000      0.00000      0.00000      0.00000
     -74.1000       0.00000      0.00000      0.00000      0.00000
     -75.1000       0.00000      0.00000      0.00000      0.00000
     -76.1000       0.00000      0.00000      0.00000      0.00000
     -77.1000       0.00000      0.00000      0.00000      0.00000
     -78.1000       0.00000      0.00000      0.00000      0.00000
     -79.1000       0.00000      0.00000      0.00000      0.00000
     -80.1000       0.00000      0.00000      0.00000      0.00000
     -81.1000       0.00000      0.00000      0.00000      0.00000
     -82.1000       0.00000      0.00000      0.00000      0.00000
     -83.1000       0.00000      0.00000      0.00000      0.00000
     -84.1000       0.00000      0.00000      0.00000      0.00000
     -85.1000       0.00000      0.00000      0.00000      0.00000
     -86.1000       0.00000      0.00000      0.00000      0.00000
     -87.1000       0.00000      0.00000      0.00000      0.00000
     -88.1000       0.00000      0.00000      0.00000      0.00000
     -89.1000       0.00000      0.00000      0.00000      0.00000
