      89.9000       0.00000      0.00000      0.00000      0.00000
      88.9000       0.00000      0.00000      0.00000      0.00000
      87.9000       0.00000      0.00000      0.00000      0.00000
      86.9000       0.00000      0.00000      0.00000      0.00000
      85.9000       0.00000      0.00000      0.00000      0.00000
      84.9000       0.00000      0.00000      0.00000      0.00000
      83.9000       0.00000      0.00000      0.00000      0.00000
      82.9000       0.00000      0.00000      0.00000      0.00000
      81.9000       0.00000      0.00000      0.00000      0.00000
      80.9000       0.00000      0.00000      0.00000      0.00000
      79.9000       0.00000      0.00000      0.00000      0.00000
      78.9000       0.00000      0.00000      0.00000      0.00000
      77.9000       0.00000      0.00000      0.00000      0.00000
      76.9000       0.00000      0.00000      0.00000      0.00000
      75.9000       0.00000      0.00000      0.00000      0.00000
      74.9000       0.00000      0.00000      0.00000      0.00000
      73.9000       0.00000      0.00000      0.00000      0.00000
      72.9000       0.00000      0.00000      0.00000      0.00000
      71.9000       0.00000      0.00000      0.00000      0.00000
      70.9000       0.00000      0.00000      0.00000      0.00000
      69.9000       0.00000      0.00000      0.00000      0.00000
      68.9000       0.00000      0.00000      0.00000      0.00000
      67.9000       0.00000      0.00000      0.00000      0.00000
      66.9000       0.00000      0.00000      0.00000      0.00000
      65.9000       0.00000      0.00000      0.00000      0.00000
      64.9000       0.00000      0.00000      0.00000      0.00000
      63.9000       0.00000      0.00000      0.00000      0.00000
      62.9000       0.00000      0.00000      0.00000      0.00000
      61.9000       0.00000      0.00000      0.00000      0.00000
      60.9000       0.00000      0.00000      0.00000      0.00000
      59.9000       0.00000      0.00000      1.76395     0.661966
      58.9000       0.00000      0.00000      1.54471     0.689537
      57.9000       0.00000      0.00000     0.387669     0.332458
      56.9000       0.00000      0.00000     0.319193     0.533508
      55.9000       0.00000      0.00000     0.592472     0.723442
      54.9000       0.00000      0.00000    -0.362564     0.699454
      53.9000       0.00000      0.00000     -2.24564      1.06744
      52.9000       0.00000      0.00000     -2.17545      1.00146
      51.9000       0.00000      0.00000     0.850678     0.895245
      50.9000       0.00000      0.00000      2.42091     0.669544
      49.9000       0.00000      0.00000      2.09479     0.368464
      48.9000       0.00000      0.00000     -1.60969     0.682367
      47.9000       0.00000      0.00000     -1.34352     0.793364
      46.9000       0.00000      0.00000    -0.712222     0.524356
      45.9000       0.00000      0.00000     -1.33925     0.580227
      44.9000       0.00000      0.00000    -0.409135     0.428750
      43.9000       0.00000      0.00000     -2.26639     0.575860
      42.9000       0.00000      0.00000     0.994269     0.392355
      41.9000       0.00000      0.00000     0.999148     0.349775
      40.9000       0.00000      0.00000    -0.641606     0.314269
      39.9000       0.00000      0.00000     -1.38010     0.792076
      38.9000       0.00000      0.00000     -1.12603     0.593119
      37.9000       0.00000      0.00000      2.21414     0.755621
      36.9000       0.00000      0.00000      2.69740     0.796947
      35.9000       0.00000      0.00000    -0.410346      1.21702
      34.9000       0.00000      0.00000    -0.344114     0.683879
      33.9000       0.00000      0.00000     -4.10666      1.45493
      32.9000       0.00000      0.00000     -6.35858      1.12830
      31.9000       0.00000      0.00000    -0.597957     0.479761
      30.9000       0.00000      0.00000      5.35999     0.760054
      29.9000       0.00000      0.00000      14.9918      2.39595
      28.9000       0.00000      0.00000     -1.08231      1.58563
      27.9000       0.00000      0.00000      1.70415     0.667288
      26.9000       0.00000      0.00000    -0.888685     0.863334
      25.9000       0.00000      0.00000     -3.61841     0.779843
      24.9000       0.00000      0.00000     -7.30521      1.23588
      23.9000       0.00000      0.00000     -16.3141      2.59908
      22.9000       0.00000      0.00000     -5.33085      1.45414
      21.9000       0.00000      0.00000     -2.40564      1.42355
      20.9000       0.00000      0.00000      3.88186     0.710905
      19.9000       0.00000      0.00000      14.8148      2.29628
      18.9000       0.00000      0.00000      25.3513      4.67568
      17.9000       0.00000      0.00000      27.9649      4.83817
      16.9000       0.00000      0.00000      7.09384      2.10089
      15.9000       0.00000      0.00000      5.49413      1.04306
      14.9000       0.00000      0.00000      4.13554     0.884369
      13.9000       0.00000      0.00000     -2.54900      1.00524
      12.9000       0.00000      0.00000     -12.7425      1.76060
      11.9000       0.00000      0.00000     -20.8200      2.50968
      10.9000       0.00000      0.00000     -4.95401      1.56751
      9.89999       0.00000      0.00000     -7.85434      1.25798
      8.89999       0.00000      0.00000     -4.13227     0.982008
      7.89999       0.00000      0.00000     -2.30496      1.09192
      6.89999       0.00000      0.00000     0.514215      1.41373
      5.89999       0.00000      0.00000      5.14147      2.74117
      4.89999       0.00000      0.00000      2.95814      2.67988
      3.89999       0.00000      0.00000      4.26966      2.11041
      2.89999       0.00000      0.00000      1.53152      1.21997
      1.89999       0.00000      0.00000      2.23170     0.918626
     0.899994       0.00000      0.00000      1.29126     0.468709
    -0.100006       0.00000      0.00000     0.794037     0.457467
     -1.10001       0.00000      0.00000    -0.882521     0.294600
     -2.10001       0.00000      0.00000     -1.83630     0.350881
     -3.10001       0.00000      0.00000     -2.51250     0.743143
     -4.10001       0.00000      0.00000     -13.3416      1.81431
     -5.10001       0.00000      0.00000     -11.0171      1.25029
     -6.10001       0.00000      0.00000     -6.53214      1.09033
     -7.10001       0.00000      0.00000      3.83412     0.855259
     -8.10001       0.00000      0.00000      17.7600      2.61238
     -9.10001       0.00000      0.00000      16.5045      2.11427
     -10.1000       0.00000      0.00000      10.0223      1.97866
     -11.1000       0.00000      0.00000      4.81105      1.39990
     -12.1000       0.00000      0.00000     0.683313      1.91416
     -13.1000       0.00000      0.00000     -5.12775      3.71155
     -14.1000       0.00000      0.00000      3.41872      2.79040
     -15.1000       0.00000      0.00000      15.3743      2.01744
     -16.1000       0.00000      0.00000      15.6310      2.00022
     -17.1000       0.00000      0.00000      3.09433     0.978450
     -18.1000       0.00000      0.00000    -0.710512     0.920787
     -19.1000       0.00000      0.00000     -3.06049      1.63099
     -20.1000       0.00000      0.00000     -8.55823      1.39009
     -21.1000       0.00000      0.00000     -5.63114      1.52731
     -22.1000       0.00000      0.00000     -5.36618      1.17677
     -23.1000       0.00000      0.00000     -8.48547      2.36872
     -24.1000       0.00000      0.00000      3.77657      1.23811
     -25.1000       0.00000      0.00000      2.81673     0.871154
     -26.1000       0.00000      0.00000     0.237309     0.950746
     -27.1000       0.00000      0.00000      4.33933      1.34186
     -28.1000       0.00000      0.00000      3.90511      1.12935
     -29.1000       0.00000      0.00000     -3.07240      1.30451
     -30.1000       0.00000      0.00000     -11.6187      1.59594
     -31.1000       0.00000      0.00000     -12.3377      1.66708
     -32.1000       0.00000      0.00000    -0.315155     0.663966
     -33.1000       0.00000      0.00000      2.52678     0.718868
     -34.1000       0.00000      0.00000      11.1084      2.00003
     -35.1000       0.00000      0.00000      9.19911      1.77378
     -36.1000       0.00000      0.00000    -0.233202     0.918745
     -37.1000       0.00000      0.00000     -3.16230      1.21629
     -38.1000       0.00000      0.00000     -1.67270      1.07167
     -39.1000       0.00000      0.00000    -0.735489      1.08089
     -40.1000       0.00000      0.00000     0.882786     0.400007
     -41.1000       0.00000      0.00000      3.65412      1.17466
     -42.1000       0.00000      0.00000      4.57915      1.16255
     -43.1000       0.00000      0.00000    -0.189288     0.780391
     -44.1000       0.00000      0.00000     0.715385     0.817039
     -45.1000       0.00000      0.00000     0.103419     0.571910
     -46.1000       0.00000      0.00000    -0.201508     0.458367
     -47.1000       0.00000      0.00000     -4.24956      1.87401
     -48.1000       0.00000      0.00000     -9.60238      2.33352
     -49.1000       0.00000      0.00000      7.17518      2.11946
     -50.1000       0.00000      0.00000      14.5975      3.44033
     -51.1000       0.00000      0.00000      2.82818      1.13740
     -52.1000       0.00000      0.00000      1.75281     0.610607
     -53.1000       0.00000      0.00000     -1.08089     0.549544
     -54.1000       0.00000      0.00000    -0.427540     0.454738
     -55.1000       0.00000      0.00000    -0.435661     0.292949
     -56.1000       0.00000      0.00000    -0.623923     0.473783
     -57.1000       0.00000      0.00000     -2.98218      1.62263
     -58.1000       0.00000      0.00000     0.200154      1.16690
     -59.1000       0.00000      0.00000      1.55203     0.540660
     -60.1000       0.00000      0.00000      0.00000      0.00000
     -61.1000       0.00000      0.00000      0.00000      0.00000
     -62.1000       0.00000      0.00000      0.00000      0.00000
     -63.1000       0.00000      0.00000      0.00000      0.00000
     -64.1000       0.00000      0.00000      0.00000      0.00000
     -65.1000       0.00000      0.00000      0.00000      0.00000
     -66.1000       0.00000      0.00000      0.00000      0.00000
     -67.1000       0.00000      0.00000      0.00000      0.00000
     -68.1000       0.00000      0.00000      0.00000      0.00000
     -69.1000       0.00000      0.00000      0.00000      0.00000
     -70.1000       0.00000      0.00000      0.00000      0.00000
     -71.1000       0.00000      0.00000      0.00000      0.00000
     -72.1000       0.00000      0.00000      0.00000      0.00000
     -73.1000       0.00000      0.00000      0.00000      0.00000
     -74.1000       0.00000      0.00000      0.00000      0.00000
     -75.1000       0.00000      0.00000      0.00000      0.00000
     -76.1000       0.00000      0.00000      0.00000      0.00000
     -77.1000       0.00000      0.00000      0.00000      0.00000
     -78.1000       0.00000      0.00000      0.00000      0.00000
     -79.1000       0.00000      0.00000      0.00000      0.00000
     -80.1000       0.00000      0.00000      0.00000      0.00000
     -81.1000       0.00000      0.00000      0.00000      0.00000
     -82.1000       0.00000      0.00000      0.00000      0.00000
     -83.1000       0.00000      0.00000      0.00000      0.00000
     -84.1000       0.00000      0.00000      0.00000      0.00000
     -85.1000       0.00000      0.00000      0.00000      0.00000
     -86.1000       0.00000      0.00000      0.00000      0.00000
     -87.1000       0.00000      0.00000      0.00000      0.00000
     -88.1000       0.00000      0.00000      0.00000      0.00000
     -89.1000       0.00000      0.00000      0.00000      0.00000
