      89.9000       0.00000      0.00000      0.00000      0.00000
      88.9000       0.00000      0.00000      0.00000      0.00000
      87.9000       0.00000      0.00000      0.00000      0.00000
      86.9000       0.00000      0.00000      0.00000      0.00000
      85.9000       0.00000      0.00000      0.00000      0.00000
      84.9000       0.00000      0.00000      0.00000      0.00000
      83.9000       0.00000      0.00000      0.00000      0.00000
      82.9000       0.00000      0.00000      0.00000      0.00000
      81.9000       0.00000      0.00000      0.00000      0.00000
      80.9000       0.00000      0.00000      0.00000      0.00000
      79.9000       0.00000      0.00000      0.00000      0.00000
      78.9000       0.00000      0.00000      0.00000      0.00000
      77.9000       0.00000      0.00000      0.00000      0.00000
      76.9000       0.00000      0.00000      0.00000      0.00000
      75.9000       0.00000      0.00000      0.00000      0.00000
      74.9000       0.00000      0.00000      0.00000      0.00000
      73.9000       0.00000      0.00000      0.00000      0.00000
      72.9000       0.00000      0.00000      0.00000      0.00000
      71.9000       0.00000      0.00000      0.00000      0.00000
      70.9000       0.00000      0.00000      0.00000      0.00000
      69.9000       0.00000      0.00000      0.00000      0.00000
      68.9000       0.00000      0.00000      0.00000      0.00000
      67.9000       0.00000      0.00000      0.00000      0.00000
      66.9000       0.00000      0.00000      0.00000      0.00000
      65.9000       0.00000      0.00000      0.00000      0.00000
      64.9000       0.00000      0.00000      0.00000      0.00000
      63.9000       0.00000      0.00000      0.00000      0.00000
      62.9000       0.00000      0.00000      0.00000      0.00000
      61.9000       0.00000      0.00000      0.00000      0.00000
      60.9000       0.00000      0.00000      0.00000      0.00000
      59.9000       0.00000      0.00000     0.546355     0.920992
      58.9000       0.00000      0.00000     0.413592     0.467541
      57.9000       0.00000      0.00000    0.0977520     0.295994
      56.9000       0.00000      0.00000    -0.123177     0.273789
      55.9000       0.00000      0.00000    -0.279202     0.371183
      54.9000       0.00000      0.00000     0.378270     0.759950
      53.9000       0.00000      0.00000     -1.21623      1.06858
      52.9000       0.00000      0.00000     -2.45447      1.05865
      51.9000       0.00000      0.00000     0.861514     0.767024
      50.9000       0.00000      0.00000      3.64687     0.772299
      49.9000       0.00000      0.00000      1.98954     0.377717
      48.9000       0.00000      0.00000      1.06451     0.676528
      47.9000       0.00000      0.00000     -1.36563     0.409657
      46.9000       0.00000      0.00000     -1.98297     0.558418
      45.9000       0.00000      0.00000    -0.656211     0.412281
      44.9000       0.00000      0.00000     -1.05310     0.315159
      43.9000       0.00000      0.00000    -0.871099     0.399713
      42.9000       0.00000      0.00000    -0.120876     0.357083
      41.9000       0.00000      0.00000     0.321167     0.374914
      40.9000       0.00000      0.00000     0.596112     0.363240
      39.9000       0.00000      0.00000    -0.578982     0.468823
      38.9000       0.00000      0.00000    -0.497890     0.467017
      37.9000       0.00000      0.00000      1.25025     0.708239
      36.9000       0.00000      0.00000      3.80275      1.09094
      35.9000       0.00000      0.00000      2.33658      1.02186
      34.9000       0.00000      0.00000    -0.581248     0.678228
      33.9000       0.00000      0.00000     -1.06264     0.915191
      32.9000       0.00000      0.00000     -8.54158      1.15890
      31.9000       0.00000      0.00000     -2.93029     0.727055
      30.9000       0.00000      0.00000     0.740355     0.609267
      29.9000       0.00000      0.00000      11.1730      2.24136
      28.9000       0.00000      0.00000      2.21234     0.438675
      27.9000       0.00000      0.00000     -1.08600     0.538359
      26.9000       0.00000      0.00000     -3.20908     0.887619
      25.9000       0.00000      0.00000     -6.70254     0.916782
      24.9000       0.00000      0.00000     -5.80094      1.26829
      23.9000       0.00000      0.00000     -7.84117      2.13768
      22.9000       0.00000      0.00000     -8.14170      1.75916
      21.9000       0.00000      0.00000     -6.50998      1.93793
      20.9000       0.00000      0.00000      1.87746     0.687808
      19.9000       0.00000      0.00000      13.5268      3.16581
      18.9000       0.00000      0.00000      15.1428      3.04827
      17.9000       0.00000      0.00000      33.3091      5.66699
      16.9000       0.00000      0.00000      12.8042      2.29668
      15.9000       0.00000      0.00000      7.11630      1.01881
      14.9000       0.00000      0.00000      4.16463     0.708781
      13.9000       0.00000      0.00000     -2.08160     0.807998
      12.9000       0.00000      0.00000     -9.51096      1.14550
      11.9000       0.00000      0.00000     -12.2264      1.61805
      10.9000       0.00000      0.00000     -7.68125      1.91296
      9.89999       0.00000      0.00000     -4.65721      1.02577
      8.89999       0.00000      0.00000     -4.66380      1.09666
      7.89999       0.00000      0.00000     -3.90621      1.04373
      6.89999       0.00000      0.00000      4.17924      1.71640
      5.89999       0.00000      0.00000      16.0906      2.43915
      4.89999       0.00000      0.00000      14.3137      2.88053
      3.89999       0.00000      0.00000      4.17426      2.03860
      2.89999       0.00000      0.00000      6.69013      1.48057
      1.89999       0.00000      0.00000      4.23615     0.947073
     0.899994       0.00000      0.00000      3.51530     0.793344
    -0.100006       0.00000      0.00000    -0.514263     0.537921
     -1.10001       0.00000      0.00000     -1.92038     0.339733
     -2.10001       0.00000      0.00000     -3.09450     0.389313
     -3.10001       0.00000      0.00000     -3.06099     0.822251
     -4.10001       0.00000      0.00000     -18.4980      2.16534
     -5.10001       0.00000      0.00000     -22.4060      2.07683
     -6.10001       0.00000      0.00000     -10.6708      1.37252
     -7.10001       0.00000      0.00000    -0.957204      1.19406
     -8.10001       0.00000      0.00000      13.9350      3.09527
     -9.10001       0.00000      0.00000      22.5108      2.93738
     -10.1000       0.00000      0.00000      18.4245      3.22558
     -11.1000       0.00000      0.00000      5.09759     0.909947
     -12.1000       0.00000      0.00000      2.15868      1.53830
     -13.1000       0.00000      0.00000      2.02770      1.54845
     -14.1000       0.00000      0.00000      5.54177      1.73902
     -15.1000       0.00000      0.00000      5.36828      1.53926
     -16.1000       0.00000      0.00000      5.16674      1.43068
     -17.1000       0.00000      0.00000    -0.673423     0.926229
     -18.1000       0.00000      0.00000     0.911408     0.875313
     -19.1000       0.00000      0.00000     -7.52501      1.61422
     -20.1000       0.00000      0.00000     -7.64436      1.31509
     -21.1000       0.00000      0.00000     -9.87907      1.83437
     -22.1000       0.00000      0.00000     -5.27199      1.79378
     -23.1000       0.00000      0.00000     -3.37496      1.08906
     -24.1000       0.00000      0.00000      2.70965     0.741645
     -25.1000       0.00000      0.00000      4.68288      1.63430
     -26.1000       0.00000      0.00000      3.49852      1.08947
     -27.1000       0.00000      0.00000      8.54816      2.09685
     -28.1000       0.00000      0.00000      2.44716     0.890400
     -29.1000       0.00000      0.00000     -3.16305      1.23842
     -30.1000       0.00000      0.00000     -10.1008      1.66732
     -31.1000       0.00000      0.00000     -10.9684      1.31185
     -32.1000       0.00000      0.00000     -4.12424     0.890220
     -33.1000       0.00000      0.00000      3.90002     0.997183
     -34.1000       0.00000      0.00000      14.7082      2.50912
     -35.1000       0.00000      0.00000      12.3592      2.64236
     -36.1000       0.00000      0.00000      5.71173      1.32268
     -37.1000       0.00000      0.00000    -0.673624      1.06855
     -38.1000       0.00000      0.00000     -5.29811      1.50949
     -39.1000       0.00000      0.00000    -0.111478     0.728305
     -40.1000       0.00000      0.00000      1.39299     0.399986
     -41.1000       0.00000      0.00000      5.25119     0.978641
     -42.1000       0.00000      0.00000      6.09849      1.39375
     -43.1000       0.00000      0.00000     0.824064     0.879650
     -44.1000       0.00000      0.00000      1.88860     0.726497
     -45.1000       0.00000      0.00000     0.746166     0.438098
     -46.1000       0.00000      0.00000     -1.97033     0.773414
     -47.1000       0.00000      0.00000     -6.57257      1.66427
     -48.1000       0.00000      0.00000     -7.58358      2.38954
     -49.1000       0.00000      0.00000      6.52494      2.56939
     -50.1000       0.00000      0.00000      9.58918      3.40973
     -51.1000       0.00000      0.00000     0.587793      1.74840
     -52.1000       0.00000      0.00000    0.0269789      1.16134
     -53.1000       0.00000      0.00000    -0.453172     0.781608
     -54.1000       0.00000      0.00000     0.574992     0.310896
     -55.1000       0.00000      0.00000    -0.137819     0.297043
     -56.1000       0.00000      0.00000     -1.19778     0.656402
     -57.1000       0.00000      0.00000     -6.32069      1.41487
     -58.1000       0.00000      0.00000     -1.65607      1.19091
     -59.1000       0.00000      0.00000      1.64814     0.548677
     -60.1000       0.00000      0.00000      0.00000      0.00000
     -61.1000       0.00000      0.00000      0.00000      0.00000
     -62.1000       0.00000      0.00000      0.00000      0.00000
     -63.1000       0.00000      0.00000      0.00000      0.00000
     -64.1000       0.00000      0.00000      0.00000      0.00000
     -65.1000       0.00000      0.00000      0.00000      0.00000
     -66.1000       0.00000      0.00000      0.00000      0.00000
     -67.1000       0.00000      0.00000      0.00000      0.00000
     -68.1000       0.00000      0.00000      0.00000      0.00000
     -69.1000       0.00000      0.00000      0.00000      0.00000
     -70.1000       0.00000      0.00000      0.00000      0.00000
     -71.1000       0.00000      0.00000      0.00000      0.00000
     -72.1000       0.00000      0.00000      0.00000      0.00000
     -73.1000       0.00000      0.00000      0.00000      0.00000
     -74.1000       0.00000      0.00000      0.00000      0.00000
     -75.1000       0.00000      0.00000      0.00000      0.00000
     -76.1000       0.00000      0.00000      0.00000      0.00000
     -77.1000       0.00000      0.00000      0.00000      0.00000
     -78.1000       0.00000      0.00000      0.00000      0.00000
     -79.1000       0.00000      0.00000      0.00000      0.00000
     -80.1000       0.00000      0.00000      0.00000      0.00000
     -81.1000       0.00000      0.00000      0.00000      0.00000
     -82.1000       0.00000      0.00000      0.00000      0.00000
     -83.1000       0.00000      0.00000      0.00000      0.00000
     -84.1000       0.00000      0.00000      0.00000      0.00000
     -85.1000       0.00000      0.00000      0.00000      0.00000
     -86.1000       0.00000      0.00000      0.00000      0.00000
     -87.1000       0.00000      0.00000      0.00000      0.00000
     -88.1000       0.00000      0.00000      0.00000      0.00000
     -89.1000       0.00000      0.00000      0.00000      0.00000
