      89.9000       0.00000      0.00000      0.00000      0.00000      0.00000
      88.9000       0.00000      0.00000      0.00000      0.00000      0.00000
      87.9000       0.00000      0.00000      0.00000      0.00000      0.00000
      86.9000       0.00000      0.00000      0.00000      0.00000      0.00000
      85.9000       0.00000      0.00000      0.00000      0.00000      0.00000
      84.9000       0.00000      0.00000      0.00000      0.00000      0.00000
      83.9000       0.00000      0.00000      0.00000      0.00000      0.00000
      82.9000       0.00000      0.00000      0.00000      0.00000      0.00000
      81.9000       0.00000      0.00000      0.00000      0.00000      0.00000
      80.9000       0.00000      0.00000      0.00000      0.00000      0.00000
      79.9000       0.00000      0.00000      0.00000      0.00000      0.00000
      78.9000       0.00000      0.00000      0.00000      0.00000      0.00000
      77.9000       0.00000      0.00000      0.00000      0.00000      0.00000
      76.9000       0.00000      0.00000      0.00000      0.00000      0.00000
      75.9000       0.00000      0.00000      0.00000      0.00000      0.00000
      74.9000       0.00000      0.00000      0.00000      0.00000      0.00000
      73.9000       0.00000      0.00000      0.00000      0.00000      0.00000
      72.9000       0.00000      0.00000      0.00000      0.00000      0.00000
      71.9000       0.00000      0.00000      0.00000      0.00000      0.00000
      70.9000       0.00000      0.00000      0.00000      0.00000      0.00000
      69.9000       0.00000      0.00000      0.00000      0.00000      0.00000
      68.9000       0.00000      0.00000      0.00000      0.00000      0.00000
      67.9000       0.00000      0.00000      0.00000      0.00000      0.00000
      66.9000       0.00000      0.00000      0.00000      0.00000      0.00000
      65.9000       0.00000      0.00000      0.00000      0.00000      0.00000
      64.9000       0.00000      0.00000      0.00000      0.00000      0.00000
      63.9000       0.00000      0.00000      0.00000      0.00000      0.00000
      62.9000       0.00000      0.00000      0.00000      0.00000      0.00000
      61.9000       0.00000      0.00000      0.00000      0.00000      0.00000
      60.9000       0.00000      0.00000      0.00000      0.00000      0.00000
      59.9000       3.52465      3.00146   -0.0164150      1.53343      207.000
      58.9000       3.12341      2.46084    -0.766237     0.559397      257.000
      57.9000       2.37062      2.59479    -0.433408     0.330189      322.000
      56.9000       2.12925      2.17642    -0.649662     0.352923      319.000
      55.9000       2.95324      2.11931    0.0675672     0.633908      256.000
      54.9000       2.87149      2.49707    -0.255158     0.819374      230.000
      53.9000       5.24133      3.14692     -1.10735      2.03554      209.000
      52.9000       5.89603      3.78568     -5.27152      2.11752      205.000
      51.9000       4.24726      3.84137      1.31665      1.28932      199.000
      50.9000       4.13903      3.56718      5.30211      1.70058      245.000
      49.9000       3.02538      2.61657      1.94511     0.485326      303.000
      48.9000       2.92271      2.48465      1.25452     0.493643      296.000
      47.9000       2.87461      2.35896     -1.90088     0.616944      251.000
      46.9000       3.33537      2.26187     -1.81220      1.01256      175.000
      45.9000       2.72160      2.39738     -1.96770      1.05664      169.000
      44.9000       3.06973      1.81560    -0.984787     0.818737      175.000
      43.9000       3.61390      2.65014     -1.31142     0.866111      193.000
      42.9000       3.68420      2.56508     0.239463     0.818414      214.000
      41.9000       3.05908      2.66577     0.309520     0.784565      214.000
      40.9000       2.89605      2.19753     0.543942     0.472731      226.000
      39.9000       3.66185      2.08494     -1.95898     0.746802      222.000
      38.9000       5.87091      1.72773    -0.321816     0.585755      251.000
      37.9000       5.31314      2.22830    -0.280855     0.933421      242.000
      36.9000       5.30822      2.52431      1.37933      1.17127      287.000
      35.9000       4.55788      2.39807     0.995252     0.732175      326.000
      34.9000       4.46906      2.56864     -2.06626     0.795928      274.000
      33.9000       7.03252      2.38781     -3.35392      1.29626      268.000
      32.9000       8.13437      2.08063     -5.27525      1.06549      306.000
      31.9000       6.61408      2.08137     -1.02793     0.628646      445.000
      30.9000       6.28366      2.49268     0.356298     0.725582      400.000
      29.9000       12.3116      2.75117      7.22454      3.13372      276.000
      28.9000       3.59700      1.90861      2.23790     0.460447      409.000
      27.9000       3.88941      2.05311    -0.857505     0.584559      439.000
      26.9000       6.10586      2.01691     -3.50006     0.884329      574.000
      25.9000       8.01526      1.85338     -4.87718     0.992793      626.000
      24.9000       11.8689      1.63570     -3.28030      1.10475      567.000
      23.9000       23.1570      1.83466     -8.42670      2.48494      381.000
      22.9000       19.0689      1.65940     -11.2600      1.99121      467.000
      21.9000       19.0534      1.82890     -5.68363      2.16562      421.000
      20.9000       11.5720      1.59258      2.23633     0.814273      446.000
      19.9000       14.5042      2.63964      20.8368      5.29569      146.000
      18.9000       16.2154      2.31702      13.4908      3.32717      189.000
      17.9000       24.7883      3.64013      27.3357      6.41574      221.000
      16.9000       13.8685      3.75430      18.9927      3.41235      337.000
      15.9000       6.90044      3.78025      3.97816      1.36818      574.000
      14.9000       5.37919      3.94332      2.50982     0.800460      778.000
      13.9000       6.53907      3.68588     -3.24319     0.862445      771.000
      12.9000       9.01735      3.61930     -10.5263      1.31804      632.000
      11.9000       10.8752      3.56870     -9.78170      1.95489      533.000
      10.9000       12.0524      3.21042     -6.17092      2.24026      588.000
      9.89999       13.3580      2.83003     -3.83198      1.15797      1450.00
      8.89999       11.1616      2.98480     -3.94112      1.10609      1623.00
      7.89999       9.59420      3.13474     -3.07519     0.970223      1656.00
      6.89999       13.4834      3.55024      4.94853      1.69266      1399.00
      5.89999       18.5565      4.09731      16.0906      2.43915      1218.00
      4.89999       16.4706      5.06594      14.2747      2.90317      1091.00
      3.89999       12.2506      4.80623      3.94728      2.08803      1189.00
      2.89999       11.6496      3.81403      6.63079      1.51851      1392.00
      1.89999       8.90573      3.32735      4.16063      1.07549      1622.00
     0.899994       8.01290      2.83618      3.92977     0.914880      1685.00
    -0.100006       7.10915      2.47624    -0.552111     0.599323      1791.00
     -1.10001       6.20613      2.13516     -1.61671     0.364312      1851.00
     -2.10001       5.59074      2.27247     -2.77930     0.370115      1666.00
     -3.10001       8.60133      2.24072     -4.96218     0.713021      1358.00
     -4.10001       14.8014      2.96724     -20.6592      1.81414      1028.00
     -5.10001       11.0596      3.29497     -12.3347      1.04904      1426.00
     -6.10001       8.47983      2.89584     -3.59721     0.644359      1958.00
     -7.10001       9.61516      2.59571      3.56745     0.668120      1559.00
     -8.10001       20.6069      3.28600      22.4998      3.67877      548.000
     -9.10001       13.5684      2.44985      15.0126      2.01108      756.000
     -10.1000       8.62302      2.62855      7.52877      1.11165      529.000
     -11.1000       6.86912      2.68263      3.63488     0.861954      626.000
     -12.1000       6.06431      2.31360      3.00426     0.934304      661.000
     -13.1000       7.47340      2.30372      2.09308      2.31422      348.000
     -14.1000       7.60621      2.89936      8.10565      1.90068      328.000
     -15.1000       8.61679      2.69842      4.14275      1.50915      336.000
     -16.1000       8.01420      2.69093      6.35800      1.59049      407.000
     -17.1000       5.90063      2.95236     0.454523     0.853515      500.000
     -18.1000       6.51453      2.71726    -0.879514     0.869059      503.000
     -19.1000       9.92602      2.68461     -8.45329      1.50306      431.000
     -20.1000       10.4163      2.59316     -5.07335      1.35102      392.000
     -21.1000       8.64816      2.61664     -3.95854      2.22090      309.000
     -22.1000       4.84153      1.61647     -3.16613      1.10543      147.000
     -23.1000       8.29522      2.11313     -8.03361      1.32857      180.000
     -24.1000       6.74931      1.28907     0.804203     0.565648      272.000
     -25.1000       6.08840      1.61737      3.52960     0.727294      293.000
     -26.1000       7.56035      2.16588      2.29213      1.50800      317.000
     -27.1000       8.16111      2.52982      8.07550      3.83627      202.000
     -28.1000       3.97422      2.36179      4.13884      1.32757      167.000
     -29.1000       7.52594      3.07294     -4.16358      2.74680      150.000
     -30.1000       11.9901      2.63958     -10.5072      2.98711      199.000
     -31.1000       7.66040      2.40750     -6.19163      1.88531      157.000
     -32.1000       5.72194      2.03918     -1.06801      1.30951      140.000
     -33.1000       7.56629      1.87805      2.56282      1.31520      127.000
     -34.1000       13.5941      3.13202    -0.150697      5.35727      84.0000
     -35.1000       15.1801      3.41071      1.07648      6.62971      98.0000
     -36.1000       6.18364      2.76430     0.952550      1.73584      169.000
     -37.1000       7.24957      2.67801     -1.91952      2.10633      179.000
     -38.1000       5.64206      2.17919     -4.25041      2.42168      310.000
     -39.1000       3.90456      1.85164    -0.104075     0.430182      386.000
     -40.1000       4.19522      1.93295      1.61851     0.458039      341.000
     -41.1000       7.64197      2.35926      5.25629      1.81767      212.000
     -42.1000       6.45741      2.40444      6.37859      1.99190      173.000
     -43.1000       3.82860      2.24851    0.0675929     0.779246      283.000
     -44.1000       5.22969      2.43687      1.28394     0.799040      517.000
     -45.1000       3.74343      2.33088     0.877083     0.506613      562.000
     -46.1000       3.86506      2.60928     -2.06949     0.970124      556.000
     -47.1000       7.51327      3.49956     -6.41597      2.00953      402.000
     -48.1000       12.1386      4.01445     -5.51438      2.49791      328.000
     -49.1000       10.0495      4.96942      5.63893      2.73836      354.000
     -50.1000       10.2996      3.46171      9.21749      2.18797      166.000
     -51.1000       5.19856      3.03094      1.23397      1.87952      193.000
     -52.1000       4.54864      2.44353     -1.29934      1.51472      251.000
     -53.1000       4.04481      2.67961   -0.0452202     0.984677      335.000
     -54.1000       2.49196      2.31583     0.451046     0.321889      387.000
     -55.1000       2.25422      2.50710    -0.386700     0.300796      327.000
     -56.1000       3.97549      2.77778     -2.21601     0.923719      221.000
     -57.1000       7.19599      3.72677     -7.68499      2.03289      202.000
     -58.1000       5.97034      3.97781     -1.73512      1.53047      276.000
     -59.1000       3.65080      2.95517      1.71949     0.629491      355.000
     -60.1000       0.00000      0.00000      0.00000      0.00000      0.00000
     -61.1000       0.00000      0.00000      0.00000      0.00000      0.00000
     -62.1000       0.00000      0.00000      0.00000      0.00000      0.00000
     -63.1000       0.00000      0.00000      0.00000      0.00000      0.00000
     -64.1000       0.00000      0.00000      0.00000      0.00000      0.00000
     -65.1000       0.00000      0.00000      0.00000      0.00000      0.00000
     -66.1000       0.00000      0.00000      0.00000      0.00000      0.00000
     -67.1000       0.00000      0.00000      0.00000      0.00000      0.00000
     -68.1000       0.00000      0.00000      0.00000      0.00000      0.00000
     -69.1000       0.00000      0.00000      0.00000      0.00000      0.00000
     -70.1000       0.00000      0.00000      0.00000      0.00000      0.00000
     -71.1000       0.00000      0.00000      0.00000      0.00000      0.00000
     -72.1000       0.00000      0.00000      0.00000      0.00000      0.00000
     -73.1000       0.00000      0.00000      0.00000      0.00000      0.00000
     -74.1000       0.00000      0.00000      0.00000      0.00000      0.00000
     -75.1000       0.00000      0.00000      0.00000      0.00000      0.00000
     -76.1000       0.00000      0.00000      0.00000      0.00000      0.00000
     -77.1000       0.00000      0.00000      0.00000      0.00000      0.00000
     -78.1000       0.00000      0.00000      0.00000      0.00000      0.00000
     -79.1000       0.00000      0.00000      0.00000      0.00000      0.00000
     -80.1000       0.00000      0.00000      0.00000      0.00000      0.00000
     -81.1000       0.00000      0.00000      0.00000      0.00000      0.00000
     -82.1000       0.00000      0.00000      0.00000      0.00000      0.00000
     -83.1000       0.00000      0.00000      0.00000      0.00000      0.00000
     -84.1000       0.00000      0.00000      0.00000      0.00000      0.00000
     -85.1000       0.00000      0.00000      0.00000      0.00000      0.00000
     -86.1000       0.00000      0.00000      0.00000      0.00000      0.00000
     -87.1000       0.00000      0.00000      0.00000      0.00000      0.00000
     -88.1000       0.00000      0.00000      0.00000      0.00000      0.00000
     -89.1000       0.00000      0.00000      0.00000      0.00000      0.00000
