    89.9   0.000   0.000   0.000   0.000      0   0.000
    88.9   0.000   0.000   0.000   0.000      0   0.000
    87.9   0.000   0.000   0.000   0.000      0   0.000
    86.9   0.000   0.000   0.000   0.000      0   0.000
    85.9   0.000   0.000   0.000   0.000      0   0.000
    84.9   0.000   0.000   0.000   0.000      0   0.000
    83.9   0.000   0.000   0.000   0.000      0   0.000
    82.9   0.000   0.000   0.000   0.000      0   0.000
    81.9   0.000   0.000   0.000   0.000      0   0.000
    80.9   0.000   0.000   0.000   0.000      0   0.000
    79.9   0.000   0.000   0.000   0.000      0   0.000
    78.9   0.000   0.000   0.000   0.000      0   0.000
    77.9   0.000   0.000   0.000   0.000      0   0.000
    76.9   0.000   0.000   0.000   0.000      0   0.000
    75.9   0.000   0.000   0.000   0.000      0   0.000
    74.9   0.000   0.000   0.000   0.000      0   0.000
    73.9   0.000   0.000   0.000   0.000      0   0.000
    72.9   0.000   0.000   0.000   0.000      0   0.000
    71.9   0.000   0.000   0.000   0.000      0   0.000
    70.9   0.000   0.000   0.000   0.000      0   0.000
    69.9   0.000   0.000   0.000   0.000      0   0.000
    68.9   0.000   0.000   0.000   0.000      0   0.000
    67.9   0.000   0.000   0.000   0.000      0   0.000
    66.9   0.000   0.000   0.000   0.000      0   0.000
    65.9   0.000   0.000   0.000   0.000      0   0.000
    64.9   0.000   0.000   0.000   0.000      0   0.000
    63.9   0.000   0.000   0.000   0.000      0   0.000
    62.9   0.000   0.000   0.000   0.000      0   0.000
    61.9   0.000   0.000   0.000   0.000      0   0.000
    60.9   0.000   0.000   0.000   0.000      0   0.000
    59.9   3.607   3.399   1.157   0.568    926   0.094
    58.9   3.433   3.040   0.980   0.417   1190   0.094
    57.9   2.875   2.740   0.246   0.224   1337   0.031
    56.9   2.563   2.598   0.102   0.299   1402   0.015
    55.9   2.994   2.591   0.160   0.410   1254   0.021
    54.9   3.229   2.729  -0.007   0.515   1104  -0.001
    53.9   4.073   3.196  -1.819   0.757   1020  -0.140
    52.9   4.803   3.557  -2.275   0.722   1100  -0.133
    51.9   4.759   3.515   0.864   0.593   1137   0.052
    50.9   4.057   3.181   3.027   0.512   1315   0.235
    49.9   3.166   2.469   2.044   0.264   1555   0.261
    48.9   3.423   2.476  -0.255   0.483   1533  -0.030
    47.9   3.490   2.775  -1.363   0.446   1393  -0.141
    46.9   3.075   2.665  -1.388   0.387   1309  -0.169
    45.9   3.245   2.428  -0.972   0.351   1311  -0.123
    44.9   3.364   2.191  -0.751   0.261   1369  -0.102
    43.9   3.954   2.582  -1.531   0.345   1509  -0.150
    42.9   3.812   2.535   0.425   0.266   1607   0.044
    41.9   3.446   2.701   0.651   0.257   1654   0.070
    40.9   3.434   2.239  -0.023   0.241   1692  -0.003
    39.9   4.286   2.470  -0.970   0.453   1617  -0.092
    38.9   5.447   2.498  -0.798   0.372   1535  -0.059
    37.9   5.898   2.584   1.812   0.521   1492   0.119
    36.9   6.847   3.045   3.286   0.672   1672   0.158
    35.9   7.085   3.045   0.952   0.795   1656   0.044
    34.9   6.035   2.710  -0.456   0.483   1418  -0.028
    33.9   7.922   2.529  -2.549   0.848   1310  -0.127
    32.9  10.497   2.397  -7.461   0.809   1437  -0.296
    31.9   7.018   2.124  -1.778   0.441   1745  -0.119
    30.9   6.822   2.453   2.884   0.488   1128   0.172
    29.9  12.424   2.683  12.976   1.637    832   0.389
    28.9   5.617   1.917   0.763   0.766   1078   0.071
    27.9   4.949   2.135   0.249   0.434   1128   0.024
    26.9   6.402   2.098  -2.108   0.620   1559  -0.157
    25.9   9.623   1.872  -5.213   0.605   1865  -0.289
    24.9  13.756   1.835  -6.562   0.885   1741  -0.260
    23.9  26.363   1.919 -11.914   1.678   1119  -0.236
    22.9  19.201   1.651  -6.851   1.145   1432  -0.216
    21.9  18.174   1.908  -4.418   1.196   1311  -0.127
    20.9  11.230   1.753   2.858   0.495   1476   0.145
    19.9  12.641   2.592  14.093   1.991    640   0.430
    18.9  19.878   2.821  19.842   2.714    565   0.354
    17.9  26.986   3.542  30.278   3.740    773   0.317
    16.9  13.145   3.622  10.124   1.560   1249   0.213
    15.9   6.964   3.833   6.304   0.731   2150   0.236
    14.9   6.406   4.046   4.071   0.565   2323   0.157
    13.9   6.661   3.913  -2.332   0.640   2070  -0.089
    12.9   8.941   3.936 -11.075   1.038   1684  -0.315
    11.9  11.202   3.883 -16.521   1.503   1402  -0.380
    10.9  11.295   3.397  -6.376   1.248   1454  -0.166
     9.9  13.583   3.024  -6.189   0.810   3473  -0.151
     8.9  11.913   3.019  -4.282   0.745   3502  -0.119
     7.9  10.974   3.042  -3.193   0.762   3413  -0.096
     6.9  13.578   3.431   2.270   1.111   2897   0.049
     5.9  18.781   4.320  10.466   1.839   2483   0.129
     4.9  16.063   5.235   8.906   2.005   2199   0.106
     3.9  12.120   4.830   4.151   1.470   2280   0.071
     2.9  10.791   3.724   4.094   0.955   2943   0.102
     1.9   8.549   3.144   3.298   0.660   3574   0.123
     0.9   7.617   2.515   2.441   0.459   3829   0.127
    -0.1   7.167   2.364   0.197   0.356   4127   0.012
    -1.1   6.602   2.144  -1.342   0.226   4268  -0.095
    -2.1   6.477   2.201  -2.455   0.262   3939  -0.172
    -3.1   9.502   2.415  -2.778   0.553   3130  -0.121
    -4.1  16.131   3.298 -15.901   1.412   2510  -0.299
    -5.1  13.683   3.590 -16.649   1.203   3485  -0.339
    -6.1  11.049   3.531  -8.568   0.873   4722  -0.220
    -7.1  10.511   3.254   1.656   0.725   3968   0.048
    -8.1  18.552   4.069  15.781   2.029   1478   0.209
    -9.1  15.957   2.865  19.382   1.796   2215   0.424
   -10.1  12.563   2.882  14.117   1.867   1482   0.390
   -11.1   9.433   2.770   4.929   0.838   1817   0.189
   -12.1   9.253   2.698   1.468   1.224   1956   0.059
   -13.1  10.664   2.935  -1.455   2.016   1755  -0.046
   -14.1  10.244   2.947   4.470   1.638   1669   0.148
   -15.1  10.744   2.798  10.393   1.273   1638   0.346
   -16.1   9.344   2.788  10.126   1.221   1700   0.389
   -17.1   7.371   2.983   1.191   0.672   1919   0.054
   -18.1   7.573   3.048   0.165   0.632   2003   0.007
   -19.1  11.207   3.330  -5.297   1.146   1717  -0.142
   -20.1  12.205   3.298  -8.311   0.963   1712  -0.206
   -21.1  11.105   3.100  -7.709   1.190   1473  -0.224
   -22.1   7.922   2.816  -5.258   1.013   1073  -0.236
   -23.1  11.465   2.664  -5.875   1.356   1074  -0.192
   -24.1   9.367   2.351   3.288   0.728   1460   0.149
   -25.1   8.731   2.299   3.700   0.909   1457   0.184
   -26.1   7.782   2.311   1.605   0.722   1905   0.089
   -27.1   8.346   2.796   6.009   1.186   1247   0.258
   -28.1   5.784   3.282   3.250   0.741   1159   0.171
   -29.1   6.164   3.461  -3.081   0.908   1243  -0.144
   -30.1  10.158   3.275 -10.668   1.160   1373  -0.321
   -31.1  10.074   3.037 -11.613   1.059   1513  -0.380
   -32.1   7.512   2.561  -2.027   0.556   1931  -0.105
   -33.1   8.754   2.577   3.436   0.613   1847   0.152
   -34.1  13.076   3.113  12.872   1.589   1242   0.316
   -35.1  10.768   3.476  10.666   1.574   1264   0.285
   -36.1   6.705   3.625   2.602   0.802   1444   0.107
   -37.1   6.472   3.403  -1.968   0.814   1465  -0.089
   -38.1   7.080   2.852  -3.441   0.924   1376  -0.170
   -39.1   6.697   2.249  -0.340   0.659   1556  -0.023
   -40.1   4.372   1.934   1.136   0.284   1401   0.134
   -41.1   7.225   2.194   4.695   0.784   1059   0.296
   -42.1   6.906   2.342   5.448   0.928    954   0.337
   -43.1   4.390   2.127   0.264   0.588   1093   0.028
   -44.1   5.261   2.253   1.255   0.558   1316   0.106
   -45.1   3.777   2.238   0.442   0.355   1336   0.052
   -46.1   3.529   2.669  -1.031   0.453   1424  -0.109
   -47.1   7.653   3.331  -5.404   1.266   1027  -0.212
   -48.1  13.276   3.989  -8.500   1.691    942  -0.161
   -49.1  11.262   4.634   6.866   1.651   1009   0.132
   -50.1  10.740   4.099  12.181   2.422    507   0.277
   -51.1   5.713   3.267   1.817   1.027    575   0.097
   -52.1   4.946   2.469   0.993   0.641    818   0.081
   -53.1   4.467   2.434  -0.772   0.466   1130  -0.071
   -54.1   2.767   2.464   0.054   0.290   1329   0.008
   -55.1   2.447   2.686  -0.240   0.211   1190  -0.037
   -56.1   3.423   3.096  -0.741   0.390    909  -0.070
   -57.1   6.902   3.615  -4.420   1.093    707  -0.177
   -58.1   5.889   3.791  -0.440   0.840    906  -0.020
   -59.1   3.904   2.892   1.738   0.396   1019   0.154
   -60.1   0.000   0.000   0.000   0.000      0   0.000
   -61.1   0.000   0.000   0.000   0.000      0   0.000
   -62.1   0.000   0.000   0.000   0.000      0   0.000
   -63.1   0.000   0.000   0.000   0.000      0   0.000
   -64.1   0.000   0.000   0.000   0.000      0   0.000
   -65.1   0.000   0.000   0.000   0.000      0   0.000
   -66.1   0.000   0.000   0.000   0.000      0   0.000
   -67.1   0.000   0.000   0.000   0.000      0   0.000
   -68.1   0.000   0.000   0.000   0.000      0   0.000
   -69.1   0.000   0.000   0.000   0.000      0   0.000
   -70.1   0.000   0.000   0.000   0.000      0   0.000
   -71.1   0.000   0.000   0.000   0.000      0   0.000
   -72.1   0.000   0.000   0.000   0.000      0   0.000
   -73.1   0.000   0.000   0.000   0.000      0   0.000
   -74.1   0.000   0.000   0.000   0.000      0   0.000
   -75.1   0.000   0.000   0.000   0.000      0   0.000
   -76.1   0.000   0.000   0.000   0.000      0   0.000
   -77.1   0.000   0.000   0.000   0.000      0   0.000
   -78.1   0.000   0.000   0.000   0.000      0   0.000
   -79.1   0.000   0.000   0.000   0.000      0   0.000
   -80.1   0.000   0.000   0.000   0.000      0   0.000
   -81.1   0.000   0.000   0.000   0.000      0   0.000
   -82.1   0.000   0.000   0.000   0.000      0   0.000
   -83.1   0.000   0.000   0.000   0.000      0   0.000
   -84.1   0.000   0.000   0.000   0.000      0   0.000
   -85.1   0.000   0.000   0.000   0.000      0   0.000
   -86.1   0.000   0.000   0.000   0.000      0   0.000
   -87.1   0.000   0.000   0.000   0.000      0   0.000
   -88.1   0.000   0.000   0.000   0.000      0   0.000
   -89.1   0.000   0.000   0.000   0.000      0   0.000
