      89.9000       0.00000      0.00000      0.00000      0.00000      0.00000
      88.9000       0.00000      0.00000      0.00000      0.00000      0.00000
      87.9000       0.00000      0.00000      0.00000      0.00000      0.00000
      86.9000       0.00000      0.00000      0.00000      0.00000      0.00000
      85.9000       0.00000      0.00000      0.00000      0.00000      0.00000
      84.9000       0.00000      0.00000      0.00000      0.00000      0.00000
      83.9000       0.00000      0.00000      0.00000      0.00000      0.00000
      82.9000       0.00000      0.00000      0.00000      0.00000      0.00000
      81.9000       0.00000      0.00000      0.00000      0.00000      0.00000
      80.9000       0.00000      0.00000      0.00000      0.00000      0.00000
      79.9000       0.00000      0.00000      0.00000      0.00000      0.00000
      78.9000       0.00000      0.00000      0.00000      0.00000      0.00000
      77.9000       0.00000      0.00000      0.00000      0.00000      0.00000
      76.9000       0.00000      0.00000      0.00000      0.00000      0.00000
      75.9000       0.00000      0.00000      0.00000      0.00000      0.00000
      74.9000       0.00000      0.00000      0.00000      0.00000      0.00000
      73.9000       0.00000      0.00000      0.00000      0.00000      0.00000
      72.9000       0.00000      0.00000      0.00000      0.00000      0.00000
      71.9000       0.00000      0.00000      0.00000      0.00000      0.00000
      70.9000       0.00000      0.00000      0.00000      0.00000      0.00000
      69.9000       0.00000      0.00000      0.00000      0.00000      0.00000
      68.9000       0.00000      0.00000      0.00000      0.00000      0.00000
      67.9000       0.00000      0.00000      0.00000      0.00000      0.00000
      66.9000       0.00000      0.00000      0.00000      0.00000      0.00000
      65.9000       0.00000      0.00000      0.00000      0.00000      0.00000
      64.9000       0.00000      0.00000      0.00000      0.00000      0.00000
      63.9000       0.00000      0.00000      0.00000      0.00000      0.00000
      62.9000       0.00000      0.00000      0.00000      0.00000      0.00000
      61.9000       0.00000      0.00000      0.00000      0.00000      0.00000
      60.9000       0.00000      0.00000      0.00000      0.00000      0.00000
      59.9000       3.56066      3.33022     0.559140     0.957964      354.000
      58.9000       3.17860      2.61066    -0.513463     0.431699      458.000
      57.9000       2.50646      2.44346    -0.368335     0.274575      571.000
      56.9000       2.09678      2.16905    -0.211336     0.268203      580.000
      55.9000       2.66372      2.21591     0.117484     0.434425      468.000
      54.9000       2.72053      2.55425    -0.141840     0.524793      429.000
      53.9000       4.32868      3.25332     -1.57682      1.14365      418.000
      52.9000       4.91807      3.96037     -3.64944      1.43925      420.000
      51.9000       4.61182      3.62581    -0.188076     0.951860      452.000
      50.9000       3.91550      3.37880      4.32350     0.996369      508.000
      49.9000       3.14753      2.47719      2.21364     0.348574      610.000
      48.9000       3.06404      2.40972     0.421921     0.470000      569.000
      47.9000       4.03157      2.61531     -1.78014     0.731621      509.000
      46.9000       3.53951      2.23827     -1.56524     0.689668      346.000
      45.9000       3.91934      2.56914     -3.33660      1.04542      352.000
      44.9000       3.30515      1.88236    -0.736634     0.553416      363.000
      43.9000       3.83622      2.53098     -2.13900     0.678267      420.000
      42.9000       3.75237      2.46222     0.412398     0.592015      423.000
      41.9000       3.02687      2.41996     0.457041     0.483733      391.000
      40.9000       3.13650      2.31583    -0.814733     0.446369      430.000
      39.9000       3.83249      2.14119     -2.11304     0.538797      405.000
      38.9000       5.71772      1.93007    -0.448153     0.463834      456.000
      37.9000       5.51114      2.22845    0.0755505     0.671303      451.000
      36.9000       5.39544      2.62427   -0.0263851     0.855092      538.000
      35.9000       5.26848      2.77713     -1.31564     0.977819      637.000
      34.9000       4.67997      2.59523     -2.41916     0.718485      557.000
      33.9000       6.61158      2.50710     -3.94716      1.30776      536.000
      32.9000       8.77940      2.34826     -4.88370     0.936416      596.000
      31.9000       6.69286      2.14951     0.126937     0.462124      857.000
      30.9000       6.71705      2.45638      2.80561     0.601243      756.000
      29.9000       12.1074      2.73021      9.45874      2.12996      561.000
      28.9000       5.53031      2.02623    0.0936816      1.01674      781.000
      27.9000       4.69370      2.23486     0.933208     0.483601      893.000
      26.9000       5.82365      2.20385     -2.27127     0.668662      1166.00
      25.9000       7.98432      1.88207     -3.97145     0.673228      1258.00
      24.9000       12.2432      1.68353     -6.03620     0.908373      1154.00
      23.9000       25.5989      1.92583     -12.5101      2.00069      720.000
      22.9000       17.9933      1.55833     -7.36074      1.23065      964.000
      21.9000       18.4020      1.83805     -3.19605      1.52381      793.000
      20.9000       11.6814      1.61808      4.01631     0.641338      818.000
      19.9000       13.7271      2.37515      16.5512      3.04390      300.000
      18.9000       16.9221      2.58356      16.9186      2.67127      346.000
      17.9000       26.0884      3.45747      27.4258      4.69502      380.000
      16.9000       12.7777      3.55144      13.7303      2.27284      648.000
      15.9000       6.59103      3.56786      3.42582     0.865244      1084.00
      14.9000       5.88329      3.82787      3.30871     0.595505      1454.00
      13.9000       6.37234      3.68431     -2.85241     0.649225      1429.00
      12.9000       9.52225      3.80961     -12.5946      1.35194      1171.00
      11.9000       11.2628      3.74684     -14.6437      1.80558      992.000
      10.9000       11.2544      3.37366     -6.22767      1.48687      1118.00
      9.89999       13.3211      3.01098     -5.98840     0.901173      2881.00
      8.89999       11.6104      2.99979     -4.73336     0.778257      3120.00
      7.89999       10.4681      3.01907     -2.90394     0.709250      3216.00
      6.89999       13.2410      3.40885      2.65033      1.10118      2824.00
      5.89999       18.7813      4.31988      10.4657      1.83942      2483.00
      4.89999       16.0813      5.24203      8.86374      2.01255      2190.00
      3.89999       12.1695      4.84874      4.06218      1.48951      2249.00
      2.89999       10.9049      3.76549      3.87193     0.994847      2826.00
      1.89999       8.68010      3.21787      3.03311     0.736736      3233.00
     0.899994       7.69031      2.58675      2.55899     0.516794      3419.00
    -0.100006       7.12293      2.37999    0.0264517     0.390869      3680.00
     -1.10001       6.32886      2.13222     -1.27839     0.238814      3858.00
     -2.10001       5.88870      2.17410     -2.45622     0.261480      3501.00
     -3.10001       8.52008      2.32339     -4.24972     0.501077      2806.00
     -4.10001       14.4547      3.09054     -17.6308      1.22640      2191.00
     -5.10001       10.9170      3.33791     -12.8401     0.725621      2972.00
     -6.10001       8.33032      3.11106     -3.55638     0.460465      3933.00
     -7.10001       9.33034      2.78411      4.90228     0.473647      3105.00
     -8.10001       19.2337      3.37156      22.2641      2.29654      1090.00
     -9.10001       13.9515      2.45939      16.7410      1.46795      1559.00
     -10.1000       8.96185      2.69249      8.59349     0.913457      1072.00
     -11.1000       7.74432      2.74306      4.41037     0.872726      1268.00
     -12.1000       6.81452      2.41612      4.08314     0.864035      1327.00
     -13.1000       7.71934      3.01078      7.53334      1.49587      792.000
     -14.1000       7.72611      3.19818      7.92683      1.22470      766.000
     -15.1000       10.5608      2.91992      11.7055      1.82188      749.000
     -16.1000       9.79698      2.96828      12.7404      1.82312      804.000
     -17.1000       6.53313      3.06501      1.52630     0.720972      996.000
     -18.1000       6.60421      2.85415     -2.89973     0.606824      1092.00
     -19.1000       10.0129      2.73878     -6.81944      1.16797      924.000
     -20.1000       9.67711      2.64826     -6.01601     0.963296      931.000
     -21.1000       7.95376      2.33001     -2.55371      1.16350      754.000
     -22.1000       6.81949      1.68611     -4.68537     0.842171      409.000
     -23.1000       9.19501      2.11654     -7.72170     0.958243      439.000
     -24.1000       7.01760      1.47053      1.58595     0.540219      609.000
     -25.1000       6.92349      1.63324      2.52070     0.592223      631.000
     -26.1000       9.22761      2.14340      1.31354      1.10766      658.000
     -27.1000       8.33339      2.39319      6.50726      2.13379      411.000
     -28.1000       4.77370      2.98861      4.57319      1.39811      334.000
     -29.1000       7.52044      3.11621     -2.80104      2.23416      287.000
     -30.1000       11.9454      2.64149     -11.2451      2.16476      360.000
     -31.1000       8.94354      2.50998     -10.7755      2.27230      348.000
     -32.1000       5.84512      1.86877    -0.622824     0.734401      320.000
     -33.1000       8.26007      1.79169      2.96583      1.09442      290.000
     -34.1000       12.9358      2.59317      6.63240      3.07936      237.000
     -35.1000       11.8277      3.01458      6.81224      3.42915      263.000
     -36.1000       7.16420      2.60314    -0.512809      1.19427      398.000
     -37.1000       8.06159      2.52893     -5.30548      1.91286      458.000
     -38.1000       5.21877      2.04876     -3.35972      1.29809      609.000
     -39.1000       4.21295      1.89553    -0.125478     0.332086      744.000
     -40.1000       4.38019      1.84500     0.928766     0.354729      637.000
     -41.1000       7.79705      2.24833      4.33108      1.19432      398.000
     -42.1000       6.97995      2.18704      3.37987      1.33406      368.000
     -43.1000       4.32062      2.23359    -0.565418     0.870084      557.000
     -44.1000       5.19284      2.29476     0.768710     0.681621      1019.00
     -45.1000       3.74206      2.25971     0.544697     0.427320      1079.00
     -46.1000       3.63318      2.47306     -1.20945     0.537258      1132.00
     -47.1000       7.78824      3.27315     -5.57954      1.52494      823.000
     -48.1000       12.5974      4.01261     -7.49737      1.76602      783.000
     -49.1000       10.7657      4.67175      6.63346      1.77819      785.000
     -50.1000       10.1876      3.83068      14.1402      2.30198      371.000
     -51.1000       5.00680      3.18726      2.72430      1.12599      381.000
     -52.1000       4.54568      2.37412     0.715273     0.869967      497.000
     -53.1000       4.04288      2.51951    -0.758429     0.609638      669.000
     -54.1000       2.62933      2.36408    -0.346788     0.391844      831.000
     -55.1000       2.30589      2.48169    -0.517174     0.238835      718.000
     -56.1000       3.73668      2.85747    -0.804453     0.559844      512.000
     -57.1000       7.21278      3.86007     -6.05100      1.54020      422.000
     -58.1000       5.88637      3.91964    -0.946899      1.07402      575.000
     -59.1000       3.83020      2.91455      2.04833     0.479856      709.000
     -60.1000       0.00000      0.00000      0.00000      0.00000      0.00000
     -61.1000       0.00000      0.00000      0.00000      0.00000      0.00000
     -62.1000       0.00000      0.00000      0.00000      0.00000      0.00000
     -63.1000       0.00000      0.00000      0.00000      0.00000      0.00000
     -64.1000       0.00000      0.00000      0.00000      0.00000      0.00000
     -65.1000       0.00000      0.00000      0.00000      0.00000      0.00000
     -66.1000       0.00000      0.00000      0.00000      0.00000      0.00000
     -67.1000       0.00000      0.00000      0.00000      0.00000      0.00000
     -68.1000       0.00000      0.00000      0.00000      0.00000      0.00000
     -69.1000       0.00000      0.00000      0.00000      0.00000      0.00000
     -70.1000       0.00000      0.00000      0.00000      0.00000      0.00000
     -71.1000       0.00000      0.00000      0.00000      0.00000      0.00000
     -72.1000       0.00000      0.00000      0.00000      0.00000      0.00000
     -73.1000       0.00000      0.00000      0.00000      0.00000      0.00000
     -74.1000       0.00000      0.00000      0.00000      0.00000      0.00000
     -75.1000       0.00000      0.00000      0.00000      0.00000      0.00000
     -76.1000       0.00000      0.00000      0.00000      0.00000      0.00000
     -77.1000       0.00000      0.00000      0.00000      0.00000      0.00000
     -78.1000       0.00000      0.00000      0.00000      0.00000      0.00000
     -79.1000       0.00000      0.00000      0.00000      0.00000      0.00000
     -80.1000       0.00000      0.00000      0.00000      0.00000      0.00000
     -81.1000       0.00000      0.00000      0.00000      0.00000      0.00000
     -82.1000       0.00000      0.00000      0.00000      0.00000      0.00000
     -83.1000       0.00000      0.00000      0.00000      0.00000      0.00000
     -84.1000       0.00000      0.00000      0.00000      0.00000      0.00000
     -85.1000       0.00000      0.00000      0.00000      0.00000      0.00000
     -86.1000       0.00000      0.00000      0.00000      0.00000      0.00000
     -87.1000       0.00000      0.00000      0.00000      0.00000      0.00000
     -88.1000       0.00000      0.00000      0.00000      0.00000      0.00000
     -89.1000       0.00000      0.00000      0.00000      0.00000      0.00000
