      89.9000       0.00000      0.00000      0.00000      0.00000      0.00000
      88.9000       0.00000      0.00000     -0.00000      0.00000      0.00000
      87.9000       0.00000      0.00000     -0.00000      0.00000      0.00000
      86.9000       0.00000      0.00000     -0.00000      0.00000      0.00000
      85.9000       0.00000      0.00000     -0.00000      0.00000      0.00000
      84.9000       0.00000      0.00000     -0.00000      0.00000      0.00000
      83.9000       0.00000      0.00000     -0.00000      0.00000      0.00000
      82.9000       0.00000      0.00000     -0.00000      0.00000      0.00000
      81.9000       0.00000      0.00000     -0.00000      0.00000      0.00000
      80.9000       0.00000      0.00000     -0.00000      0.00000      0.00000
      79.9000       0.00000      0.00000     -0.00000      0.00000      0.00000
      78.9000       0.00000      0.00000     -0.00000      0.00000      0.00000
      77.9000       0.00000      0.00000     -0.00000      0.00000      0.00000
      76.9000       0.00000      0.00000     -0.00000      0.00000      0.00000
      75.9000       0.00000      0.00000     -0.00000      0.00000      0.00000
      74.9000       0.00000      0.00000     -0.00000      0.00000      0.00000
      73.9000       0.00000      0.00000     -0.00000      0.00000      0.00000
      72.9000       0.00000      0.00000     -0.00000      0.00000      0.00000
      71.9000       0.00000      0.00000     -0.00000      0.00000      0.00000
      70.9000       0.00000      0.00000     -0.00000      0.00000      0.00000
      69.9000       0.00000      0.00000     -0.00000      0.00000      0.00000
      68.9000       0.00000      0.00000     -0.00000      0.00000      0.00000
      67.9000       0.00000      0.00000     -0.00000      0.00000      0.00000
      66.9000       0.00000      0.00000     -0.00000      0.00000      0.00000
      65.9000       0.00000      0.00000     -0.00000      0.00000      0.00000
      64.9000       0.00000      0.00000     -0.00000      0.00000      0.00000
      63.9000       0.00000      0.00000     -0.00000      0.00000      0.00000
      62.9000       0.00000      0.00000     -0.00000      0.00000      0.00000
      61.9000       0.00000      0.00000     -0.00000      0.00000      0.00000
      60.9000       0.00000      0.00000 -3.43109e-06      0.00000      0.00000
      59.9000       8.12854    -0.424863 -3.61911e-07     0.118607     0.110659
      58.9000      0.858231   -0.0196043  4.87853e-06    0.0995705    0.0862851
      57.9000      -3.45180    -0.105034  2.42247e-06    0.0786621    0.0731353
      56.9000      -4.89791    0.0684846  5.55168e-07    0.0684876    0.0673845
      55.9000      -4.77232    0.0955295 -1.12717e-06    0.0845726    0.0711639
      54.9000      -2.21402     0.218922 -3.65259e-06    0.0972202    0.0811210
      53.9000       3.93413   -0.0606951 -5.96963e-06     0.127597    0.0989858
      52.9000       12.0308    -0.151842 -4.21963e-06     0.144881     0.106286
      51.9000       14.0142    -0.385755  1.71251e-06     0.141201     0.103208
      50.9000       7.93539    0.0816892  5.59107e-06     0.111920    0.0862615
      49.9000      0.628105    0.0770410  4.75212e-06    0.0803128    0.0612050
      48.9000      -3.45498     0.256676  2.13376e-06    0.0874442    0.0617851
      47.9000      -4.49216     0.277641  8.68022e-08    0.0935529    0.0726314
      46.9000      -3.66351     0.290295 -1.20302e-06    0.0850269    0.0722477
      45.9000      -1.59868    -0.189825 -2.64169e-06    0.0896432    0.0654179
      44.9000       2.69765    0.0482375 -4.36120e-06    0.0909603    0.0577322
      43.9000       8.91534  -0.00169456 -3.10805e-06     0.101812    0.0656039
      42.9000       10.1993    -0.261578  1.29950e-06    0.0951295    0.0627299
      41.9000       5.77516    0.0476786  2.78707e-06    0.0847577    0.0657831
      40.9000       3.45660    0.0442404 -1.11509e-06    0.0835181    0.0538967
      39.9000       8.47604     0.182877 -3.27251e-06     0.106614    0.0605733
      38.9000       11.3923    -0.101417  3.88791e-07     0.139078    0.0630190
      37.9000       7.53214    -0.299929  6.09836e-06     0.152732    0.0657147
      36.9000      -3.43027   -0.0316924  6.98891e-06     0.167508    0.0736248
      35.9000      -9.47443    -0.122251  1.24603e-06     0.174154    0.0743124
      34.9000      -6.46576  -0.00307778 -4.74250e-06     0.160332    0.0716069
      33.9000       2.09202     0.218744 -9.42122e-06     0.218949    0.0701825
      32.9000       16.5372     0.235106 -1.04177e-05     0.277014    0.0632777
      31.9000       27.5561     0.420634 -3.98109e-06     0.168040    0.0507595
      30.9000       26.2789     0.250465  6.50972e-06     0.203202    0.0722659
      29.9000       11.6099     0.784547  1.54418e-05     0.430968    0.0929849
      28.9000      -11.5873     0.111485  1.20984e-05     0.171162    0.0579651
      27.9000      -18.0883     0.343230 -1.85726e-07     0.147426    0.0626054
      26.9000      -11.1310    0.0558653 -9.12492e-06     0.162196    0.0523144
      25.9000       4.35592    0.0572176 -1.32745e-05     0.222879    0.0432063
      24.9000       21.5516     0.466625 -1.72259e-05     0.329764    0.0445324
      23.9000       46.8070     0.336519 -2.49296e-05     0.788444    0.0578366
      22.9000       83.0441    -0.147024 -2.95998e-05     0.507577    0.0428243
      21.9000       119.885     0.122706 -1.70091e-05     0.502141    0.0517284
      20.9000       125.073     0.298441  4.01548e-07     0.292405    0.0453824
      19.9000       118.892     0.411345  2.01973e-05     0.500053     0.100445
      18.9000       75.0841    -0.501571  3.55200e-05     0.837008     0.117359
      17.9000       30.9101    -0.696170  2.78027e-05     0.971251     0.127853
      16.9000       6.16710    -0.226631  1.72391e-05     0.372100     0.102615
      15.9000      -11.8522    -0.384897  9.28996e-06     0.150215    0.0825754
      14.9000      -16.8925    -0.166779 -7.51479e-07     0.132936    0.0836879
      13.9000      -9.98566     0.294318 -9.01250e-06     0.146439    0.0860007
      12.9000       5.50601     0.473734 -1.42111e-05     0.217937    0.0958393
      11.9000       25.3525    -0.232828 -1.44027e-05     0.299290     0.102967
      10.9000       41.3394    -0.241182 -1.30211e-05     0.296316    0.0883622
      9.89999       57.7641   -0.0457933 -1.43826e-05     0.230524    0.0510207
      8.89999       77.1558    -0.196726 -1.35673e-05     0.201339    0.0505874
      7.89999       91.5639    -0.200902 -1.00446e-05     0.187874    0.0518029
      6.89999       102.189    -0.576833 -7.38239e-06     0.252309    0.0637902
      5.89999       109.968    -0.472666 -1.96608e-06     0.376986    0.0864459
      4.89999       107.091    -0.269058  5.03157e-06     0.342622     0.111153
      3.89999       97.4180     0.279118  7.83813e-06     0.253886     0.100841
      2.89999       87.5374   -0.0699382  6.72490e-06     0.198946    0.0683293
      1.89999       80.6388    -0.259642  4.02670e-06     0.143021    0.0523567
     0.899994       77.4894    -0.542583  1.67123e-06     0.123103    0.0403864
    -0.100006       76.4683    -0.391691  9.96314e-08     0.111578    0.0365749
     -1.10001       77.2408    -0.128043 -1.95466e-06     0.101063    0.0326475
     -2.10001       81.3461     0.286007 -5.32412e-06     0.103205    0.0349957
     -3.10001       90.5260     0.476094 -1.14726e-05     0.169876    0.0431479
     -4.10001       109.970    -0.105566 -1.55714e-05     0.322047    0.0655310
     -5.10001       129.371   -0.0147478 -1.07298e-05     0.231810    0.0606500
     -6.10001       136.732   -0.0861855 -3.33481e-07     0.160802    0.0512122
     -7.10001       130.202     0.385681  8.35048e-06     0.166878    0.0513404
     -8.10001       115.916      1.02418  2.57166e-05     0.482729     0.105525
     -9.10001       66.1169   -0.0979054  2.92604e-05     0.339133    0.0604007
     -10.1000       43.0259    -0.194084  1.50022e-05     0.326438    0.0747876
     -11.1000       28.7606    0.0979686  9.03739e-06     0.221356    0.0653360
     -12.1000       20.5325    0.0546120  7.36238e-06     0.209276    0.0611462
     -13.1000       10.4452     0.152018  9.12172e-06     0.254624    0.0699346
     -14.1000      -2.14767     0.280056  1.22676e-05     0.250833    0.0721503
     -15.1000      -20.0397     0.294104  1.44928e-05     0.265549    0.0694276
     -16.1000      -38.1401    0.0950756  1.21081e-05     0.226684    0.0675221
     -17.1000      -50.0905     0.232001  4.65816e-06     0.168317    0.0680216
     -18.1000      -49.6933     0.365896 -5.23244e-06     0.169251    0.0678864
     -19.1000      -37.1223     0.645089 -1.18292e-05     0.270530    0.0801658
     -20.1000      -20.3972     0.649570 -1.36183e-05     0.295060    0.0793398
     -21.1000      -3.42181     0.536375 -1.41501e-05     0.289455    0.0804578
     -22.1000       14.5910     0.296215 -1.40773e-05     0.241968    0.0856218
     -23.1000       31.3571    -0.326495 -9.33688e-06     0.350016    0.0807099
     -24.1000       37.6383    -0.281502 -9.47491e-07     0.245232    0.0609184
     -25.1000       33.6938    -0.131233  5.97615e-06     0.228803    0.0600190
     -26.1000       22.9136   0.00968280  9.69876e-06     0.178349    0.0526184
     -27.1000       9.81955     0.363444  1.06997e-05     0.236433    0.0787113
     -28.1000      -3.39901     0.265362  6.85527e-06     0.169957    0.0960817
     -29.1000      -7.02197     0.472719 -2.01573e-06     0.174900    0.0975487
     -30.1000       1.54803    0.0555401 -1.00566e-05     0.274248    0.0879167
     -31.1000       17.6335     0.177306 -1.15637e-05     0.259088    0.0779099
     -32.1000       29.8683     0.235588 -5.83529e-06     0.170996    0.0577308
     -33.1000       31.9092     0.234017  3.76573e-06     0.203748    0.0595867
     -34.1000       20.6657     0.487437  1.13567e-05     0.371194    0.0881379
     -35.1000       4.18680    0.0369243  8.40057e-06     0.302984    0.0973792
     -36.1000      0.182262    -0.325988 -1.83279e-06     0.176518    0.0951643
     -37.1000       8.65072    0.0685015 -8.52371e-06     0.169151    0.0887965
     -38.1000       20.9188   -0.0613560 -9.94320e-06     0.190941    0.0768651
     -39.1000       32.8128     0.137094 -5.68762e-06     0.169830    0.0566968
     -40.1000       34.7238    -0.207790  3.30897e-06     0.116834    0.0510116
     -41.1000       24.7905    0.0616102  1.05988e-05     0.222115    0.0664340
     -42.1000       9.05828    -0.214257  1.12639e-05     0.223712    0.0743994
     -43.1000      -2.45369    -0.566343  7.39187e-06     0.132859    0.0632311
     -44.1000      -8.79968    -0.658100  2.24074e-06     0.145073    0.0613384
     -45.1000      -7.86075    -0.144913 -3.03872e-06     0.103379    0.0603943
     -46.1000      -1.47562    0.0908463 -6.19350e-06    0.0935518    0.0699055
     -47.1000       7.04968  -0.00704454 -1.01786e-05     0.238925     0.103426
     -48.1000       23.0003    -0.905785 -8.29537e-06     0.432786     0.129431
     -49.1000       26.9739     0.263084  3.18545e-06     0.354735     0.146065
     -50.1000       15.3581     0.364842  9.75907e-06     0.477464     0.181526
     -51.1000       3.58774    -0.442627  7.44090e-06     0.238464     0.135804
     -52.1000      -2.45282    -0.600458  3.82518e-06     0.173026    0.0859792
     -53.1000      -5.55812    -0.355653  9.71290e-07     0.132939    0.0725733
     -54.1000      -4.77256    -0.422734 -1.31824e-06    0.0759332    0.0674163
     -55.1000      -2.41318    -0.311017 -2.63830e-06    0.0709695    0.0771973
     -56.1000       1.51484     0.163411 -5.08618e-06     0.113611     0.101950
     -57.1000       9.69494    -0.578156 -4.91185e-06     0.259755     0.135466
     -58.1000       13.1957    -0.718849  2.04391e-08     0.195752     0.125784
     -59.1000       9.64638    -0.410149  5.56016e-06     0.122357    0.0904097
     -60.1000       0.00000      0.00000  4.06863e-06      0.00000      0.00000
     -61.1000       0.00000      0.00000     -0.00000      0.00000      0.00000
     -62.1000       0.00000      0.00000     -0.00000      0.00000      0.00000
     -63.1000       0.00000      0.00000     -0.00000      0.00000      0.00000
     -64.1000       0.00000      0.00000     -0.00000      0.00000      0.00000
     -65.1000       0.00000      0.00000     -0.00000      0.00000      0.00000
     -66.1000       0.00000      0.00000     -0.00000      0.00000      0.00000
     -67.1000       0.00000      0.00000     -0.00000      0.00000      0.00000
     -68.1000       0.00000      0.00000     -0.00000      0.00000      0.00000
     -69.1000       0.00000      0.00000     -0.00000      0.00000      0.00000
     -70.1000       0.00000      0.00000     -0.00000      0.00000      0.00000
     -71.1000       0.00000      0.00000     -0.00000      0.00000      0.00000
     -72.1000       0.00000      0.00000     -0.00000      0.00000      0.00000
     -73.1000       0.00000      0.00000     -0.00000      0.00000      0.00000
     -74.1000       0.00000      0.00000     -0.00000      0.00000      0.00000
     -75.1000       0.00000      0.00000     -0.00000      0.00000      0.00000
     -76.1000       0.00000      0.00000     -0.00000      0.00000      0.00000
     -77.1000       0.00000      0.00000     -0.00000      0.00000      0.00000
     -78.1000       0.00000      0.00000     -0.00000      0.00000      0.00000
     -79.1000       0.00000      0.00000     -0.00000      0.00000      0.00000
     -80.1000       0.00000      0.00000     -0.00000      0.00000      0.00000
     -81.1000       0.00000      0.00000     -0.00000      0.00000      0.00000
     -82.1000       0.00000      0.00000     -0.00000      0.00000      0.00000
     -83.1000       0.00000      0.00000     -0.00000      0.00000      0.00000
     -84.1000       0.00000      0.00000     -0.00000      0.00000      0.00000
     -85.1000       0.00000      0.00000     -0.00000      0.00000      0.00000
     -86.1000       0.00000      0.00000     -0.00000      0.00000      0.00000
     -87.1000       0.00000      0.00000     -0.00000      0.00000      0.00000
     -88.1000       0.00000      0.00000     -0.00000      0.00000      0.00000
     -89.1000       0.00000      0.00000      0.00000      0.00000      0.00000
