      89.9000       0.00000      0.00000      0.00000      0.00000      0.00000
      88.9000       0.00000      0.00000     -0.00000      0.00000      0.00000
      87.9000       0.00000      0.00000     -0.00000      0.00000      0.00000
      86.9000       0.00000      0.00000     -0.00000      0.00000      0.00000
      85.9000       0.00000      0.00000     -0.00000      0.00000      0.00000
      84.9000       0.00000      0.00000     -0.00000      0.00000      0.00000
      83.9000       0.00000      0.00000     -0.00000      0.00000      0.00000
      82.9000       0.00000      0.00000     -0.00000      0.00000      0.00000
      81.9000       0.00000      0.00000     -0.00000      0.00000      0.00000
      80.9000       0.00000      0.00000     -0.00000      0.00000      0.00000
      79.9000       0.00000      0.00000     -0.00000      0.00000      0.00000
      78.9000       0.00000      0.00000     -0.00000      0.00000      0.00000
      77.9000       0.00000      0.00000     -0.00000      0.00000      0.00000
      76.9000       0.00000      0.00000     -0.00000      0.00000      0.00000
      75.9000       0.00000      0.00000     -0.00000      0.00000      0.00000
      74.9000       0.00000      0.00000     -0.00000      0.00000      0.00000
      73.9000       0.00000      0.00000     -0.00000      0.00000      0.00000
      72.9000       0.00000      0.00000     -0.00000      0.00000      0.00000
      71.9000       0.00000      0.00000     -0.00000      0.00000      0.00000
      70.9000       0.00000      0.00000     -0.00000      0.00000      0.00000
      69.9000       0.00000      0.00000     -0.00000      0.00000      0.00000
      68.9000       0.00000      0.00000     -0.00000      0.00000      0.00000
      67.9000       0.00000      0.00000     -0.00000      0.00000      0.00000
      66.9000       0.00000      0.00000     -0.00000      0.00000      0.00000
      65.9000       0.00000      0.00000     -0.00000      0.00000      0.00000
      64.9000       0.00000      0.00000     -0.00000      0.00000      0.00000
      63.9000       0.00000      0.00000     -0.00000      0.00000      0.00000
      62.9000       0.00000      0.00000     -0.00000      0.00000      0.00000
      61.9000       0.00000      0.00000     -0.00000      0.00000      0.00000
      60.9000       0.00000      0.00000 -3.72109e-06      0.00000      0.00000
      59.9000       8.81557     -1.64788 -6.18796e-07     0.297677     0.301109
      58.9000       1.46740    -0.387015  4.85604e-06     0.228772     0.196248
      57.9000      -2.71140    -0.405236  2.52918e-06     0.166956     0.139995
      56.9000      -4.54230    -0.352243  7.44995e-07     0.126754     0.132493
      55.9000      -4.48344    -0.642480 -1.25626e-06     0.155416     0.156547
      54.9000      -1.55102    -0.741117 -3.67121e-06     0.180021     0.182326
      53.9000       4.26740    -0.464157 -5.65118e-06     0.219098     0.232688
      52.9000       11.9339    -0.578060 -4.07027e-06     0.250056     0.281125
      51.9000       13.9906    -0.466397  1.51354e-06     0.307357     0.216664
      50.9000       8.31431     0.135637  5.60138e-06     0.228174     0.194526
      49.9000      0.579891   -0.0840607  5.27776e-06     0.186477     0.132810
      48.9000      -4.33595    0.0650666  2.78706e-06     0.194424     0.140436
      47.9000      -6.10807     0.218647 -9.93508e-08     0.303956     0.177292
      46.9000      -4.09727     0.391248 -2.28741e-06     0.285312     0.169561
      45.9000     -0.606406    -0.456735 -3.21806e-06     0.351204     0.201468
      44.9000       3.65180    -0.318992 -4.01117e-06     0.255429     0.141194
      43.9000       9.06376    -0.592134 -2.70821e-06     0.267105     0.158738
      42.9000       10.1884    -0.577445  1.06809e-06     0.262981     0.162825
      41.9000       6.48277    -0.341437  3.01365e-06     0.217920     0.156028
      40.9000       2.89753    -0.208749 -1.17282e-06     0.235043     0.171209
      39.9000       9.32349    0.0589706 -3.89666e-06     0.292304     0.163599
      38.9000       12.3467    -0.601396  4.92650e-07     0.386606     0.150530
      37.9000       8.12745    -0.464148  6.25078e-06     0.393033     0.154484
      36.9000      -2.84625    0.0289111  6.89696e-06     0.346129     0.172911
      35.9000      -8.65537   -0.0386757  1.55242e-06     0.335110     0.177401
      34.9000      -6.62816   -0.0128810 -4.12560e-06     0.287456     0.155530
      33.9000       1.40653    -0.135013 -9.00660e-06     0.375210     0.160357
      32.9000       15.3625     0.410903 -1.02543e-05     0.552687     0.150245
      31.9000       26.4712     0.124988 -4.42546e-06     0.331422     0.109538
      30.9000       26.1915    -0.292407  6.26830e-06     0.380125     0.128150
      29.9000       11.1164    0.0321440  1.56917e-05     0.706503     0.159142
      28.9000      -12.2876    -0.388865  1.19295e-05     0.366744     0.109798
      27.9000      -18.1673    -0.168022 -6.90434e-07     0.251268     0.111994
      26.9000      -10.5910    -0.517047 -8.90506e-06     0.225862    0.0970874
      25.9000       3.73623    -0.278325 -1.20940e-05     0.316560    0.0759813
      24.9000       19.1850     0.128813 -1.59887e-05     0.519843    0.0710654
      23.9000       43.1384    -0.178723 -2.59361e-05      1.52267     0.109322
      22.9000       83.1603    -0.563852 -3.21504e-05     0.749184    0.0651591
      21.9000       122.513    -0.355536 -1.63716e-05     0.914960    0.0957899
      20.9000       123.614    -0.210569  1.26171e-06     0.607217    0.0855273
      19.9000       119.393    -0.281051  1.91320e-05      1.02485     0.169216
      18.9000       76.2619     -1.38187  3.50028e-05      1.41919     0.228519
      17.9000       32.6924     -1.40619  2.84244e-05      2.16927     0.251873
      16.9000       5.80371     -1.05203  1.76573e-05     0.640768     0.185017
      15.9000      -11.1073    -0.920049  9.08196e-06     0.275369     0.145982
      14.9000      -16.7396    -0.767439 -3.83777e-07     0.244941     0.140952
      13.9000      -10.1541  -0.00742730 -9.36621e-06     0.239972     0.143598
      12.9000       6.53797     0.350692 -1.51317e-05     0.431777     0.173189
      11.9000       27.4734    -0.779047 -1.40509e-05     0.540564     0.184181
      10.9000       41.4961    -0.702478 -1.23007e-05     0.445518     0.154051
      9.89999       58.0919    -0.616465 -1.40347e-05     0.350735    0.0840286
      8.89999       76.4462    -0.801601 -1.27912e-05     0.311497    0.0772877
      7.89999       89.9581    -0.425931 -1.00407e-05     0.283345    0.0731866
      6.89999       101.469    -0.761515 -7.79297e-06     0.344057    0.0863347
      5.89999       109.386    -0.713561 -1.88737e-06     0.533770     0.127205
      4.89999       106.176    -0.877565  5.26210e-06     0.471743     0.162826
      3.89999       96.2607    0.0527744  7.47775e-06     0.367842     0.150429
      2.89999       87.5209    -0.588408  6.21972e-06     0.267512    0.0977959
      1.89999       80.7420    -0.614906  4.01828e-06     0.209833    0.0772256
     0.899994       77.4939    -0.851230  1.79696e-06     0.175605    0.0556707
    -0.100006       76.2577    -0.747552  6.02484e-08     0.162417    0.0525105
     -1.10001       77.3436    -0.671472 -2.11805e-06     0.143107    0.0471204
     -2.10001       81.5432    -0.157721 -5.57427e-06     0.143086    0.0485302
     -3.10001       91.2531    0.0453836 -1.23412e-05     0.221841    0.0629095
     -4.10001       112.335    -0.464832 -1.56603e-05     0.414824    0.0937435
     -5.10001       130.320    -0.369289 -9.98830e-06     0.271433    0.0857061
     -6.10001       137.247    -0.590198  1.05223e-07     0.180686    0.0744990
     -7.10001       130.057    -0.303029  8.39141e-06     0.224396    0.0750525
     -8.10001       116.329     0.810541  2.62107e-05     0.762407     0.148556
     -9.10001       64.7403    -0.352762  2.95155e-05     0.504680    0.0870290
     -10.1000       42.8034    -0.539505  1.39324e-05     0.396055     0.118101
     -11.1000       30.0481   -0.0539724  8.74170e-06     0.335994     0.110510
     -12.1000       21.0459    -0.578129  8.10164e-06     0.290230    0.0965905
     -13.1000       9.89354    -0.505508  9.12529e-06     0.374222     0.163332
     -14.1000      -1.64310    -0.129886  1.19174e-05     0.373810     0.162430
     -15.1000      -19.7209    0.0226467  1.47793e-05     0.586790     0.152137
     -16.1000      -38.3471    -0.463309  1.27969e-05     0.569704     0.162168
     -17.1000      -51.4813    -0.330123  4.74298e-06     0.313073     0.142069
     -18.1000      -50.1106    -0.162042 -6.32342e-06     0.273050     0.122241
     -19.1000      -35.8092    -0.229771 -1.27407e-05     0.454738     0.125336
     -20.1000      -18.5573    -0.115299 -1.31346e-05     0.391954     0.114951
     -21.1000      -3.30556    -0.248445 -1.27801e-05     0.352764    0.0997259
     -22.1000       13.0435    -0.359336 -1.52623e-05     0.469243     0.106277
     -23.1000       34.4008     -1.19248 -9.90725e-06     0.603976     0.127040
     -24.1000       37.4987    -0.989306 -3.80597e-07     0.392276    0.0845498
     -25.1000       35.3395    -0.533684  4.31953e-06     0.411689    0.0895526
     -26.1000       26.8557    -0.564208  1.00303e-05     0.555929     0.114405
     -27.1000       10.6491    -0.213528  1.29796e-05     0.587158     0.155839
     -28.1000      -5.06340    -0.485655  7.62661e-06     0.408222     0.271996
     -29.1000      -8.08742    -0.871576 -2.59297e-06     0.629717     0.267665
     -30.1000       1.30033     -1.06239 -1.07673e-05     0.928227     0.208006
     -31.1000       18.3105    -0.631043 -1.15722e-05     0.711881     0.187705
     -32.1000       29.6414    -0.666247 -5.38028e-06     0.426100     0.126561
     -33.1000       31.4731    -0.561905  4.09900e-06     0.640763     0.134019
     -34.1000       19.6244    -0.184897  1.09135e-05     0.939493     0.176057
     -35.1000       4.83254     0.359243  8.28936e-06     0.715253     0.213945
     -36.1000     -0.587890    -0.623877 -9.29038e-07     0.517056     0.164029
     -37.1000       7.09529    -0.133620 -8.74331e-06     0.506808     0.145617
     -38.1000       20.6828    -0.499158 -1.02938e-05     0.272999     0.109443
     -39.1000       32.1092    -0.187861 -5.41417e-06     0.234485     0.101158
     -40.1000       33.8241    -0.625525  3.62111e-06     0.266747     0.101076
     -41.1000       23.3302    -0.429342  1.01798e-05     0.559171     0.152689
     -42.1000       9.17308    -0.931110  1.03472e-05     0.528696     0.132310
     -43.1000      -1.69679     -1.16320  7.16358e-06     0.288263     0.133625
     -44.1000      -8.13336     -1.12400  2.67130e-06     0.228875    0.0952850
     -45.1000      -8.14280    -0.668983 -2.59013e-06     0.164583    0.0958000
     -46.1000      -1.89052    -0.498611 -5.92978e-06     0.140069    0.0970115
     -47.1000       6.13274    -0.405931 -1.06857e-05     0.385235     0.148383
     -48.1000       23.8047     -1.76274 -8.40295e-06     0.605700     0.187135
     -49.1000       26.3154    -0.278064  4.11384e-06     0.545892     0.212761
     -50.1000       13.9352    -0.286226  9.98193e-06     0.705936     0.287373
     -51.1000       2.39513     -1.15187  7.05742e-06     0.340823     0.243679
     -52.1000      -2.95779    -0.981116  3.41365e-06     0.280977     0.146218
     -53.1000      -5.76679    -0.577249  9.52254e-07     0.219182     0.128663
     -54.1000      -5.23207    -0.697253 -1.20328e-06     0.126636     0.114269
     -55.1000      -2.89613    -0.515294 -2.60278e-06     0.116622     0.124571
     -56.1000      0.970693    0.0259241 -5.63465e-06     0.205383     0.170305
     -57.1000       10.5177    -0.999636 -5.23271e-06     0.487678     0.268823
     -58.1000       13.4146     -1.06080  4.79652e-07     0.331928     0.223069
     -59.1000       9.37820    -0.887940  5.65239e-06     0.209389     0.151492
     -60.1000       0.00000      0.00000  3.95551e-06      0.00000      0.00000
     -61.1000       0.00000      0.00000     -0.00000      0.00000      0.00000
     -62.1000       0.00000      0.00000     -0.00000      0.00000      0.00000
     -63.1000       0.00000      0.00000     -0.00000      0.00000      0.00000
     -64.1000       0.00000      0.00000     -0.00000      0.00000      0.00000
     -65.1000       0.00000      0.00000     -0.00000      0.00000      0.00000
     -66.1000       0.00000      0.00000     -0.00000      0.00000      0.00000
     -67.1000       0.00000      0.00000     -0.00000      0.00000      0.00000
     -68.1000       0.00000      0.00000     -0.00000      0.00000      0.00000
     -69.1000       0.00000      0.00000     -0.00000      0.00000      0.00000
     -70.1000       0.00000      0.00000     -0.00000      0.00000      0.00000
     -71.1000       0.00000      0.00000     -0.00000      0.00000      0.00000
     -72.1000       0.00000      0.00000     -0.00000      0.00000      0.00000
     -73.1000       0.00000      0.00000     -0.00000      0.00000      0.00000
     -74.1000       0.00000      0.00000     -0.00000      0.00000      0.00000
     -75.1000       0.00000      0.00000     -0.00000      0.00000      0.00000
     -76.1000       0.00000      0.00000     -0.00000      0.00000      0.00000
     -77.1000       0.00000      0.00000     -0.00000      0.00000      0.00000
     -78.1000       0.00000      0.00000     -0.00000      0.00000      0.00000
     -79.1000       0.00000      0.00000     -0.00000      0.00000      0.00000
     -80.1000       0.00000      0.00000     -0.00000      0.00000      0.00000
     -81.1000       0.00000      0.00000     -0.00000      0.00000      0.00000
     -82.1000       0.00000      0.00000     -0.00000      0.00000      0.00000
     -83.1000       0.00000      0.00000     -0.00000      0.00000      0.00000
     -84.1000       0.00000      0.00000     -0.00000      0.00000      0.00000
     -85.1000       0.00000      0.00000     -0.00000      0.00000      0.00000
     -86.1000       0.00000      0.00000     -0.00000      0.00000      0.00000
     -87.1000       0.00000      0.00000     -0.00000      0.00000      0.00000
     -88.1000       0.00000      0.00000     -0.00000      0.00000      0.00000
     -89.1000       0.00000      0.00000      0.00000      0.00000      0.00000
