      89.9000       0.00000      0.00000      0.00000
      88.9000       0.00000      0.00000     -0.00000
      87.9000       0.00000      0.00000     -0.00000
      86.9000       0.00000      0.00000     -0.00000
      85.9000       0.00000      0.00000     -0.00000
      84.9000       0.00000      0.00000     -0.00000
      83.9000       0.00000      0.00000     -0.00000
      82.9000       0.00000      0.00000     -0.00000
      81.9000       0.00000      0.00000     -0.00000
      80.9000       0.00000      0.00000     -0.00000
      79.9000       0.00000      0.00000     -0.00000
      78.9000       0.00000      0.00000     -0.00000
      77.9000       0.00000      0.00000     -0.00000
      76.9000       0.00000      0.00000     -0.00000
      75.9000       0.00000      0.00000     -0.00000
      74.9000       0.00000      0.00000     -0.00000
      73.9000       0.00000      0.00000     -0.00000
      72.9000       0.00000      0.00000     -0.00000
      71.9000       0.00000      0.00000     -0.00000
      70.9000       0.00000      0.00000     -0.00000
      69.9000       0.00000      0.00000     -0.00000
      68.9000       0.00000      0.00000     -0.00000
      67.9000       0.00000      0.00000     -0.00000
      66.9000       0.00000      0.00000     -0.00000
      65.9000       0.00000      0.00000     -0.00000
      64.9000       0.00000      0.00000     -0.00000
      63.9000       0.00000      0.00000     -0.00000
      62.9000       0.00000      0.00000     -0.00000
      61.9000       0.00000      0.00000     -0.00000
      60.9000       0.00000      0.00000 -3.37983e-06
      59.9000       8.00709     -1.01490 -2.95552e-07
      58.9000      0.700867    -0.376701  4.88094e-06
      57.9000      -3.57899    -0.450875  2.40292e-06
      56.9000      -5.00881    -0.282054  4.72387e-07
      55.9000      -4.70260    -0.246674 -1.22381e-06
      54.9000      -2.09480   -0.0986593 -3.75329e-06
      53.9000       4.24389    -0.526919 -5.83882e-06
      52.9000       11.8379    -0.621945 -4.01188e-06
      51.9000       13.8276    -0.700680  1.65966e-06
      50.9000       7.86883    -0.110243  5.52048e-06
      49.9000      0.610591    -0.250990  4.74955e-06
      48.9000      -3.51537    0.0189683  2.15814e-06
      47.9000      -4.56819     0.129241  8.83249e-09
      46.9000      -3.53659    0.0238806 -1.18429e-06
      45.9000      -1.71975    -0.535146 -2.55609e-06
      44.9000       2.61846    -0.258457 -4.40358e-06
      43.9000       8.89642    -0.397060 -3.19541e-06
      42.9000       10.3310    -0.544926  1.27622e-06
      41.9000       5.81249    -0.302125  2.78615e-06
      40.9000       3.59049    -0.380973 -1.07049e-06
      39.9000       8.40535   -0.0710611 -3.05930e-06
      38.9000       11.0091    -0.384890  5.74804e-07
      37.9000       7.00986    -0.807784  6.02193e-06
      36.9000      -3.62760    -0.504389  6.74537e-06
      35.9000      -9.40410    -0.445181  1.19784e-06
      34.9000      -6.54571    -0.413811 -4.54515e-06
      33.9000       1.68102   -0.0813813 -9.53932e-06
      32.9000       16.7456   -0.0328707 -1.05121e-05
      31.9000       27.3758    0.0483712 -3.86461e-06
      30.9000       26.2022    -0.155143  6.31018e-06
      29.9000       11.9183     0.278456  1.55322e-05
      28.9000      -11.8856    -0.372234  1.22671e-05
      27.9000      -18.1940    -0.107056 -3.39286e-07
      26.9000      -11.0519    -0.455319 -9.26505e-06
      25.9000       4.59495    -0.370286 -1.30439e-05
      24.9000       21.0630     0.148192 -1.73155e-05
      23.9000       47.2668    -0.101245 -2.55681e-05
      22.9000       84.1305    -0.506855 -2.95877e-05
      21.9000       120.315    -0.220252 -1.62729e-05
      20.9000       124.341    0.0173491  7.03629e-08
      19.9000       120.140    0.0902479  1.99360e-05
      18.9000       74.9983    -0.867191  3.70671e-05
      17.9000       28.3269    -0.852006  2.80241e-05
      16.9000       5.53237    -0.756232  1.61800e-05
      15.9000      -11.8084    -0.859325  8.91982e-06
      14.9000      -16.6084    -0.739618 -8.36065e-07
      13.9000      -9.73180   -0.0907983 -9.12526e-06
      12.9000       6.07027     0.174601 -1.44846e-05
      11.9000       26.2866    -0.534952 -1.41276e-05
      10.9000       41.2192    -0.481115 -1.25763e-05
      9.89999       57.5909    -0.484729 -1.42658e-05
      8.89999       76.7448    -0.843354 -1.31540e-05
      7.89999       90.3610    -0.459400 -1.00695e-05
      6.89999       101.840    -0.740820 -7.63134e-06
      5.89999       109.386    -0.713561 -1.73886e-06
      4.89999       106.176    -0.877565  5.25918e-06
      3.89999       96.2680    0.0394552  7.56643e-06
      2.89999       87.2997    -0.630383  6.40614e-06
      1.89999       80.2842    -0.715214  4.10709e-06
     0.899994       77.0511    -0.932701  1.75575e-06
    -0.100006       75.9027    -0.807869  1.93583e-08
     -1.10001       77.0028    -0.647338 -2.13053e-06
     -2.10001       81.2194   -0.0953739 -5.36739e-06
     -3.10001       90.3960    0.0909647 -1.18121e-05
     -4.10001       110.691    -0.447635 -1.55377e-05
     -5.10001       129.157    -0.256247 -1.02950e-05
     -6.10001       136.368    -0.415331 -2.35902e-08
     -7.10001       129.215    -0.102636  8.37820e-06
     -8.10001       115.483     0.764777  2.58885e-05
     -9.10001       64.7014    -0.415646  2.95318e-05
     -10.1000       41.9166    -0.621509  1.45339e-05
     -11.1000       28.5112    -0.139315  8.91523e-06
     -12.1000       19.7273    -0.318613  8.01453e-06
     -13.1000       8.57336    -0.179680  9.09129e-06
     -14.1000      -2.87722   -0.0147432  1.14960e-05
     -15.1000      -19.9939    0.0118996  1.41144e-05
     -16.1000      -37.9300    -0.184411  1.23336e-05
     -17.1000      -50.6044    -0.239327  4.96697e-06
     -18.1000      -50.2490   -0.0753555 -5.41272e-06
     -19.1000      -37.1893     0.116351 -1.24161e-05
     -20.1000      -19.4995    0.0937000 -1.38655e-05
     -21.1000      -2.87711    0.0220796 -1.34515e-05
     -22.1000       13.7613    -0.104129 -1.34811e-05
     -23.1000       30.4289    -0.853716 -9.57179e-06
     -24.1000       37.3885    -0.764650 -1.44810e-06
     -25.1000       34.0002    -0.547620  5.62005e-06
     -26.1000       23.5411    -0.520197  9.53408e-06
     -27.1000       10.5313    -0.163959  1.08706e-05
     -28.1000      -3.19169    -0.113528  7.39758e-06
     -29.1000      -7.64251    0.0700735 -1.42727e-06
     -30.1000      0.311137    -0.440289 -1.02403e-05
     -31.1000       17.4633    -0.440844 -1.18158e-05
     -32.1000       29.2490    -0.275990 -5.36644e-06
     -33.1000       30.5920    -0.285827  3.88709e-06
     -34.1000       19.7498    0.0586981  1.06040e-05
     -35.1000       4.70684    -0.362686  7.84315e-06
     -36.1000      0.625534    -0.700073 -1.55309e-06
     -37.1000       8.48953    -0.329198 -8.06275e-06
     -38.1000       20.2406    -0.468426 -9.75050e-06
     -39.1000       32.1833    -0.322451 -5.96078e-06
     -40.1000       34.7086    -0.627762  3.46593e-06
     -41.1000       23.7806    -0.531352  1.07582e-05
     -42.1000       8.65705    -0.959872  1.09941e-05
     -43.1000      -2.81114    -0.973202  7.08596e-06
     -44.1000      -8.46185     -1.02941  2.12834e-06
     -45.1000      -7.94696    -0.558697 -2.72185e-06
     -46.1000      -1.90153    -0.369283 -5.74229e-06
     -47.1000       5.87722    -0.355752 -1.01299e-05
     -48.1000       22.4572     -1.58916 -8.75026e-06
     -49.1000       26.8941   -0.0556030  3.07535e-06
     -50.1000       15.0791   -0.0775754  1.00171e-05
     -51.1000       2.88953    -0.853817  7.57262e-06
     -52.1000      -3.04705     -1.04158  3.69682e-06
     -53.1000      -5.94944    -0.725136  8.89392e-07
     -54.1000      -5.17120    -0.806152 -1.33781e-06
     -55.1000      -2.75782    -0.792149 -2.62459e-06
     -56.1000       1.08352    -0.396771 -5.01441e-06
     -57.1000       9.17945     -1.10466 -4.82540e-06
     -58.1000       12.5588     -1.37239  1.21976e-08
     -59.1000       9.15047     -1.01281  5.29179e-06
     -60.1000       0.00000      0.00000  3.85946e-06
     -61.1000       0.00000      0.00000     -0.00000
     -62.1000       0.00000      0.00000     -0.00000
     -63.1000       0.00000      0.00000     -0.00000
     -64.1000       0.00000      0.00000     -0.00000
     -65.1000       0.00000      0.00000     -0.00000
     -66.1000       0.00000      0.00000     -0.00000
     -67.1000       0.00000      0.00000     -0.00000
     -68.1000       0.00000      0.00000     -0.00000
     -69.1000       0.00000      0.00000     -0.00000
     -70.1000       0.00000      0.00000     -0.00000
     -71.1000       0.00000      0.00000     -0.00000
     -72.1000       0.00000      0.00000     -0.00000
     -73.1000       0.00000      0.00000     -0.00000
     -74.1000       0.00000      0.00000     -0.00000
     -75.1000       0.00000      0.00000     -0.00000
     -76.1000       0.00000      0.00000     -0.00000
     -77.1000       0.00000      0.00000     -0.00000
     -78.1000       0.00000      0.00000     -0.00000
     -79.1000       0.00000      0.00000     -0.00000
     -80.1000       0.00000      0.00000     -0.00000
     -81.1000       0.00000      0.00000     -0.00000
     -82.1000       0.00000      0.00000     -0.00000
     -83.1000       0.00000      0.00000     -0.00000
     -84.1000       0.00000      0.00000     -0.00000
     -85.1000       0.00000      0.00000     -0.00000
     -86.1000       0.00000      0.00000     -0.00000
     -87.1000       0.00000      0.00000     -0.00000
     -88.1000       0.00000      0.00000     -0.00000
     -89.1000       0.00000      0.00000      0.00000
