      89.9000       0.00000      0.00000      0.00000      0.00000      0.00000
      88.9000       0.00000      0.00000     -0.00000      0.00000      0.00000
      87.9000       0.00000      0.00000     -0.00000      0.00000      0.00000
      86.9000       0.00000      0.00000     -0.00000      0.00000      0.00000
      85.9000       0.00000      0.00000     -0.00000      0.00000      0.00000
      84.9000       0.00000      0.00000     -0.00000      0.00000      0.00000
      83.9000       0.00000      0.00000     -0.00000      0.00000      0.00000
      82.9000       0.00000      0.00000     -0.00000      0.00000      0.00000
      81.9000       0.00000      0.00000     -0.00000      0.00000      0.00000
      80.9000       0.00000      0.00000     -0.00000      0.00000      0.00000
      79.9000       0.00000      0.00000     -0.00000      0.00000      0.00000
      78.9000       0.00000      0.00000     -0.00000      0.00000      0.00000
      77.9000       0.00000      0.00000     -0.00000      0.00000      0.00000
      76.9000       0.00000      0.00000     -0.00000      0.00000      0.00000
      75.9000       0.00000      0.00000     -0.00000      0.00000      0.00000
      74.9000       0.00000      0.00000     -0.00000      0.00000      0.00000
      73.9000       0.00000      0.00000     -0.00000      0.00000      0.00000
      72.9000       0.00000      0.00000     -0.00000      0.00000      0.00000
      71.9000       0.00000      0.00000     -0.00000      0.00000      0.00000
      70.9000       0.00000      0.00000     -0.00000      0.00000      0.00000
      69.9000       0.00000      0.00000     -0.00000      0.00000      0.00000
      68.9000       0.00000      0.00000     -0.00000      0.00000      0.00000
      67.9000       0.00000      0.00000     -0.00000      0.00000      0.00000
      66.9000       0.00000      0.00000     -0.00000      0.00000      0.00000
      65.9000       0.00000      0.00000     -0.00000      0.00000      0.00000
      64.9000       0.00000      0.00000     -0.00000      0.00000      0.00000
      63.9000       0.00000      0.00000     -0.00000      0.00000      0.00000
      62.9000       0.00000      0.00000     -0.00000      0.00000      0.00000
      61.9000       0.00000      0.00000     -0.00000      0.00000      0.00000
      60.9000       0.00000      0.00000 -3.84405e-06      0.00000      0.00000
      59.9000       9.10687     -1.10326 -8.00833e-07     0.280382     0.231546
      58.9000       1.89908    -0.448158  4.97961e-06     0.205702     0.173512
      57.9000      -2.71341    -0.339232  2.74290e-06     0.144644     0.144411
      56.9000      -4.61845    -0.285489  8.21400e-07     0.125557     0.122906
      55.9000      -4.66719    -0.581704 -1.26207e-06     0.192490     0.144099
      54.9000      -1.61333    -0.732562 -3.83441e-06     0.216286     0.187795
      53.9000       4.47266    -0.972168 -6.44351e-06     0.439487     0.276806
      52.9000       13.7623     -1.40025 -4.16006e-06     0.436195     0.323177
      51.9000       14.4104     -1.28734  2.37480e-06     0.347619     0.296967
      50.9000       8.08299     -1.09253  5.84136e-06     0.310234     0.275261
      49.9000      0.425086    -0.742115  4.97621e-06     0.203523     0.161412
      48.9000      -3.84450    -0.656635  2.21780e-06     0.181676     0.150074
      47.9000      -4.89685    -0.371005  5.90971e-08     0.177898     0.157163
      46.9000      -3.98648    0.0225306 -1.72771e-06     0.222046     0.146123
      45.9000     -0.741373    -0.623523 -3.16730e-06     0.221871     0.165947
      44.9000       3.64037    -0.151815 -4.17559e-06     0.232044     0.128272
      43.9000       9.32517    -0.260694 -2.59792e-06     0.236668     0.156499
      42.9000       9.91079    -0.617421  1.41763e-06     0.254243     0.180401
      41.9000       5.89954    -0.645065  3.11792e-06     0.212022     0.175995
      40.9000       2.36764    -0.223695 -1.10150e-06     0.228163     0.171624
      39.9000       8.56749    -0.182393 -4.57808e-06     0.271166     0.157875
      38.9000       13.4692    -0.881249 -5.70594e-07     0.357780     0.127585
      37.9000       9.95276    -0.633482  6.08534e-06     0.314914     0.134188
      36.9000      -1.32163   -0.0850478  7.09120e-06     0.298607     0.135115
      35.9000      -7.30273    -0.157702  1.65918e-06     0.226751     0.120394
      34.9000      -5.36363    -0.333569 -4.02483e-06     0.232399     0.137280
      33.9000       2.51339    -0.429326 -8.07523e-06     0.418179     0.136710
      32.9000       14.3530   -0.0420625 -9.72286e-06     0.475380     0.125583
      31.9000       26.2791     0.202557 -4.83187e-06     0.329308    0.0956945
      30.9000       26.1765   -0.0989169  6.74262e-06     0.360572     0.128223
      29.9000       9.76235     0.162406  1.51119e-05     0.694415     0.162188
      28.9000      -10.8807    -0.214397  1.10838e-05     0.312474     0.102897
      27.9000      -17.4454   -0.0185227  2.39139e-07     0.260110     0.105305
      26.9000      -11.4683    -0.321731 -9.06355e-06     0.257388    0.0877189
      25.9000       4.84793    -0.418660 -1.33350e-05     0.432263    0.0874938
      24.9000       21.3632     0.176288 -1.72367e-05     0.638071    0.0868730
      23.9000       47.3258    0.0826368 -2.25407e-05      1.32186     0.109373
      22.9000       76.9631    -0.425509 -2.86855e-05     0.901826    0.0833747
      21.9000       118.146    -0.555077 -1.92602e-05     0.993698     0.102972
      20.9000       124.555    -0.414725  1.40945e-07     0.573783    0.0790483
      19.9000       117.797    -0.311602  1.97000e-05      1.10912     0.195151
      18.9000       75.7966     -1.56819  3.33688e-05      1.38383     0.198383
      17.9000       35.1442     -1.68399  2.74257e-05      1.73947     0.257658
      16.9000       7.81401    -0.648913  1.88067e-05     0.787588     0.215285
      15.9000      -11.5065    -0.802931  1.02577e-05     0.267153     0.159102
      14.9000      -17.6477    -0.634930 -1.61096e-07     0.193343     0.134435
      13.9000      -11.1063    -0.277164 -9.23484e-06     0.220830     0.129764
      12.9000       5.30338   -0.0740576 -1.48568e-05     0.380286     0.139328
      11.9000       25.8375     -1.09831 -1.48664e-05     0.472934     0.148043
      10.9000       42.2904    -0.779082 -1.33488e-05     0.461389     0.125284
      9.89999       59.0649    -0.574907 -1.40567e-05     0.320411    0.0659818
      8.89999       77.2953    -0.591378 -1.34772e-05     0.278382    0.0675900
      7.89999       92.6403    -0.583567 -1.05211e-05     0.237801    0.0724019
      6.89999       103.516    -0.703081 -8.04282e-06     0.346982    0.0919783
      5.89999       112.691    -0.541507 -2.52362e-06     0.557849     0.116478
      4.89999       109.809    -0.357509  5.40312e-06     0.513523     0.155272
      3.89999       99.2140    0.0315848  8.37617e-06     0.377302     0.140611
      2.89999       88.9124    -0.289019  6.70563e-06     0.302199     0.102431
      1.89999       82.4829    -0.477237  3.88695e-06     0.213895    0.0838112
     0.899994       79.2131    -0.851570  1.83827e-06     0.171307    0.0652700
    -0.100006       77.8955    -0.678174  2.43849e-07     0.155106    0.0556735
     -1.10001       78.6046    -0.555810 -1.85791e-06     0.134911    0.0510502
     -2.10001       82.5319    -0.293300 -5.18061e-06     0.133543    0.0550734
     -3.10001       91.5318    0.0696511 -1.17907e-05     0.213273    0.0585782
     -4.10001       111.950    -0.475522 -1.64507e-05     0.466663    0.0986649
     -5.10001       132.570    -0.673164 -1.12390e-05     0.295863    0.0909249
     -6.10001       139.981    -0.783798 -3.87063e-07     0.186605    0.0664942
     -7.10001       133.535    -0.228575  7.75612e-06     0.232537    0.0630271
     -8.10001       120.647     0.853245  2.73619e-05     0.753572     0.130846
     -9.10001       65.3497    -0.627373  3.07373e-05     0.570333    0.0931557
     -10.1000       44.0782    -0.399443  1.46181e-05     0.365226     0.109210
     -11.1000       28.9498    -0.348824  9.47283e-06     0.268770    0.0951583
     -12.1000       20.5010    -0.197726  7.04155e-06     0.196322    0.0741263
     -13.1000       11.4325     0.204549  8.78717e-06     0.308297    0.0972127
     -14.1000      -1.34737     0.363240  1.27490e-05     0.380474     0.131814
     -15.1000      -20.2486    0.0589146  1.50986e-05     0.511744     0.123535
     -16.1000      -38.8444    -0.256022  1.21533e-05     0.358240     0.115333
     -17.1000      -50.4115    0.0470599  4.37035e-06     0.268967     0.115372
     -18.1000      -49.6837    0.0325136 -5.99401e-06     0.293191     0.114535
     -19.1000      -35.5558    0.0211090 -1.18902e-05     0.486119     0.131687
     -20.1000      -20.2367     0.519709 -1.26413e-05     0.550395     0.127282
     -21.1000      -4.27287     0.115400 -1.44587e-05     0.533781     0.167983
     -22.1000       15.5146    -0.351059 -1.61230e-05     0.553208     0.123999
     -23.1000       35.5600    -0.715832 -9.40020e-06     0.616175     0.151567
     -24.1000       38.7182    -0.389527  7.30486e-07     0.372548    0.0814353
     -25.1000       33.7585    -0.379128  6.54392e-06     0.310963    0.0773727
     -26.1000       22.5945    -0.341982  1.01553e-05     0.354692    0.0905282
     -27.1000       8.76045    -0.127736  1.09533e-05     0.523752     0.156333
     -28.1000      -4.34162    -0.370054  6.23966e-06     0.283693     0.203469
     -29.1000      -6.56868    -0.664202 -2.89311e-06     0.530834     0.207227
     -30.1000       2.75871    -0.810515 -1.01214e-05     0.774741     0.180276
     -31.1000       18.2457    -0.502930 -1.18850e-05     0.610004     0.164354
     -32.1000       31.8660    -0.309981 -7.20093e-06     0.425609     0.133587
     -33.1000       35.8624    -0.466569  1.90858e-06     0.600499     0.142943
     -34.1000       27.2019     0.120832  1.22720e-05      1.42617     0.299547
     -35.1000       5.90551     0.468959  1.26021e-05      1.61713     0.369921
     -36.1000      -3.52643    -0.709336 -5.42378e-07     0.527669     0.240755
     -37.1000       7.22652    -0.573321 -9.98432e-06     0.626770     0.181783
     -38.1000       20.7634    -0.473628 -1.05727e-05     0.271404     0.112125
     -39.1000       32.9182    0.0743978 -5.39191e-06     0.175458    0.0873070
     -40.1000       33.8507    -0.399082  2.71573e-06     0.219608    0.0998936
     -41.1000       26.3342     0.345290  9.09371e-06     0.497128     0.145702
     -42.1000       11.8298  -0.00690850  1.10723e-05     0.519723     0.186316
     -43.1000     -0.446610     -1.12036  8.92491e-06     0.258626     0.169442
     -44.1000      -9.73187     -1.22699  3.46449e-06     0.306145     0.124709
     -45.1000      -8.80664    -0.688600 -3.28818e-06     0.159168    0.0935874
     -46.1000      -1.80656    -0.277647 -6.73586e-06     0.132828    0.0921003
     -47.1000       7.40948    -0.281188 -1.04952e-05     0.357538     0.160263
     -48.1000       23.4305     -1.39023 -7.48234e-06     0.662695     0.220099
     -49.1000       25.3810    -0.498698  4.45112e-06     0.510867     0.250703
     -50.1000       12.7518    -0.720085  8.91139e-06     0.761241     0.267593
     -51.1000       4.02612     -1.01983  5.76814e-06     0.290349     0.206483
     -52.1000      -1.05505    -0.694398  3.64705e-06     0.207410     0.136530
     -53.1000      -4.69383    -0.605068  1.49161e-06     0.198615     0.132852
     -54.1000      -4.61749    -0.696393 -8.84245e-07     0.131802     0.110677
     -55.1000      -2.58429    -0.563260 -2.66456e-06     0.129754     0.141601
     -56.1000       1.73248    0.0336207 -6.14246e-06     0.266473     0.187914
     -57.1000       12.0384     -1.19269 -5.31947e-06     0.510782     0.264528
     -58.1000       14.3827    -0.843439  7.18718e-07     0.349543     0.217089
     -59.1000       10.3310    -0.623359  6.06032e-06     0.180719     0.148976
     -60.1000       0.00000      0.00000  4.35737e-06      0.00000      0.00000
     -61.1000       0.00000      0.00000     -0.00000      0.00000      0.00000
     -62.1000       0.00000      0.00000     -0.00000      0.00000      0.00000
     -63.1000       0.00000      0.00000     -0.00000      0.00000      0.00000
     -64.1000       0.00000      0.00000     -0.00000      0.00000      0.00000
     -65.1000       0.00000      0.00000     -0.00000      0.00000      0.00000
     -66.1000       0.00000      0.00000     -0.00000      0.00000      0.00000
     -67.1000       0.00000      0.00000     -0.00000      0.00000      0.00000
     -68.1000       0.00000      0.00000     -0.00000      0.00000      0.00000
     -69.1000       0.00000      0.00000     -0.00000      0.00000      0.00000
     -70.1000       0.00000      0.00000     -0.00000      0.00000      0.00000
     -71.1000       0.00000      0.00000     -0.00000      0.00000      0.00000
     -72.1000       0.00000      0.00000     -0.00000      0.00000      0.00000
     -73.1000       0.00000      0.00000     -0.00000      0.00000      0.00000
     -74.1000       0.00000      0.00000     -0.00000      0.00000      0.00000
     -75.1000       0.00000      0.00000     -0.00000      0.00000      0.00000
     -76.1000       0.00000      0.00000     -0.00000      0.00000      0.00000
     -77.1000       0.00000      0.00000     -0.00000      0.00000      0.00000
     -78.1000       0.00000      0.00000     -0.00000      0.00000      0.00000
     -79.1000       0.00000      0.00000     -0.00000      0.00000      0.00000
     -80.1000       0.00000      0.00000     -0.00000      0.00000      0.00000
     -81.1000       0.00000      0.00000     -0.00000      0.00000      0.00000
     -82.1000       0.00000      0.00000     -0.00000      0.00000      0.00000
     -83.1000       0.00000      0.00000     -0.00000      0.00000      0.00000
     -84.1000       0.00000      0.00000     -0.00000      0.00000      0.00000
     -85.1000       0.00000      0.00000     -0.00000      0.00000      0.00000
     -86.1000       0.00000      0.00000     -0.00000      0.00000      0.00000
     -87.1000       0.00000      0.00000     -0.00000      0.00000      0.00000
     -88.1000       0.00000      0.00000     -0.00000      0.00000      0.00000
     -89.1000       0.00000      0.00000      0.00000      0.00000      0.00000
