      89.9000       0.00000      0.00000      0.00000
      88.9000       0.00000      0.00000     -0.00000
      87.9000       0.00000      0.00000     -0.00000
      86.9000       0.00000      0.00000     -0.00000
      85.9000       0.00000      0.00000     -0.00000
      84.9000       0.00000      0.00000     -0.00000
      83.9000       0.00000      0.00000     -0.00000
      82.9000       0.00000      0.00000     -0.00000
      81.9000       0.00000      0.00000     -0.00000
      80.9000       0.00000      0.00000     -0.00000
      79.9000       0.00000      0.00000     -0.00000
      78.9000       0.00000      0.00000     -0.00000
      77.9000       0.00000      0.00000     -0.00000
      76.9000       0.00000      0.00000     -0.00000
      75.9000       0.00000      0.00000     -0.00000
      74.9000       0.00000      0.00000     -0.00000
      73.9000       0.00000      0.00000     -0.00000
      72.9000       0.00000      0.00000     -0.00000
      71.9000       0.00000      0.00000     -0.00000
      70.9000       0.00000      0.00000     -0.00000
      69.9000       0.00000      0.00000     -0.00000
      68.9000       0.00000      0.00000     -0.00000
      67.9000       0.00000      0.00000     -0.00000
      66.9000       0.00000      0.00000     -0.00000
      65.9000       0.00000      0.00000     -0.00000
      64.9000       0.00000      0.00000     -0.00000
      63.9000       0.00000      0.00000     -0.00000
      62.9000       0.00000      0.00000     -0.00000
      61.9000       0.00000      0.00000     -0.00000
      60.9000       0.00000      0.00000 -3.47811e-06
      59.9000       8.23993    -0.525603 -4.27165e-07
      58.9000       1.01297    -0.300468  4.87322e-06
      57.9000      -3.32781    -0.362763  2.44185e-06
      56.9000      -4.78920    -0.177644  6.37654e-07
      55.9000      -4.84453    -0.129447 -1.02865e-06
      54.9000      -2.33990   -0.0228198 -3.54010e-06
      53.9000       3.59379    -0.136121 -6.10623e-06
      52.9000       12.2309    -0.238285 -4.44844e-06
      51.9000       14.2204    -0.615139  1.76813e-06
      50.9000       8.00245    -0.248586  5.66971e-06
      49.9000      0.646052    -0.137620  4.75565e-06
      48.9000      -3.39637   -0.0495456  2.11068e-06
      47.9000      -4.41882   -0.0990624  1.57444e-07
      46.9000      -3.77461   -0.0144895 -1.21741e-06
      45.9000      -1.49071    -0.433122 -2.71686e-06
      44.9000       2.76758    -0.256973 -4.32349e-06
      43.9000       8.93239    -0.212485 -3.02698e-06
      42.9000       10.0736    -0.558511  1.32131e-06
      41.9000       5.73950    -0.202133  2.78752e-06
      40.9000       3.32979    -0.125016 -1.15727e-06
      39.9000       8.54256    -0.152323 -3.46437e-06
      38.9000       11.7307    -0.413279  2.17166e-07
      37.9000       8.01534    -0.414846  6.15739e-06
      36.9000      -3.23528    -0.172255  7.21680e-06
      35.9000      -9.54579    -0.406071  1.29361e-06
      34.9000      -6.38670    -0.228978 -4.93323e-06
      33.9000       2.48581   -0.0683655 -9.30663e-06
      32.9000       16.3365    -0.125146 -1.03273e-05
      31.9000       27.7289     0.176164 -4.09010e-06
      30.9000       26.3449   0.00230323  6.69970e-06
      29.9000       11.3173     0.648557  1.53663e-05
      28.9000      -11.3360    0.0489899  1.19407e-05
      27.9000      -17.9937     0.223360 -5.36765e-08
      26.9000      -11.2041   -0.0981452 -8.99204e-06
      25.9000       4.12372    -0.117032 -1.35142e-05
      24.9000       22.0685     0.196254 -1.71522e-05
      23.9000       46.3932     0.172955 -2.42833e-05
      22.9000       81.9667    -0.305994 -2.95815e-05
      21.9000       119.425   -0.0964642 -1.77321e-05
      20.9000       125.782   0.00327938  7.17793e-07
      19.9000       117.650     0.212316  2.04543e-05
      18.9000       75.1573    -0.824622  3.39786e-05
      17.9000       33.4867     -1.13277  2.75806e-05
      16.9000       6.79074    -0.280192  1.82952e-05
      15.9000      -11.8952    -0.492050  9.65495e-06
      14.9000      -17.1748    -0.183566 -6.70666e-07
      13.9000      -10.2294    0.0821824 -8.91317e-06
      12.9000       4.97681     0.175958 -1.39366e-05
      11.9000       24.4263    -0.500106 -1.46600e-05
      10.9000       41.4503    -0.544961 -1.34588e-05
      9.89999       57.9273    -0.249559 -1.44932e-05
      8.89999       77.5423    -0.220581 -1.39721e-05
      7.89999       92.7355    -0.588499 -1.00328e-05
      6.89999       102.546     -1.05782 -7.15502e-06
      5.89999       110.573    -0.871005 -2.18974e-06
      4.89999       108.006    -0.293410  4.87203e-06
      3.89999       98.4206   -0.0865178  8.10342e-06
      2.89999       87.7903    -0.119069  6.98885e-06
      1.89999       80.9829    -0.436429  3.95376e-06
     0.899994       77.9243    -0.777776  1.58127e-06
    -0.100006       77.0368    -0.612691  1.74423e-07
     -1.10001       77.4891    -0.247376 -1.77807e-06
     -2.10001       81.4739    0.0265552 -5.27687e-06
     -3.10001       90.6564     0.218007 -1.11238e-05
     -4.10001       109.228    -0.390957 -1.56074e-05
     -5.10001       129.591    -0.388384 -1.11774e-05
     -6.10001       137.106    -0.383746 -6.52344e-07
     -7.10001       131.218     0.265233  8.33684e-06
     -8.10001       116.324     0.721064  2.55005e-05
     -9.10001       67.6705    -0.396101  2.89308e-05
     -10.1000       44.2551    -0.433861  1.55252e-05
     -11.1000       29.0120    -0.338632  9.22761e-06
     -12.1000       21.2882    -0.258041  6.75673e-06
     -13.1000       12.2032    -0.198408  9.14362e-06
     -14.1000      -1.44642    -0.103384  1.29936e-05
     -15.1000      -20.0857    -0.117197  1.48511e-05
     -16.1000      -38.3287    -0.286085  1.19001e-05
     -17.1000      -49.6202    0.0198825  4.36269e-06
     -18.1000      -49.1490     0.127387 -5.06934e-06
     -19.1000      -37.0562     0.491555 -1.12296e-05
     -20.1000      -21.3380     0.527744 -1.33377e-05
     -21.1000      -4.05013     0.381518 -1.49812e-05
     -22.1000       15.7051    0.0397859 -1.47502e-05
     -23.1000       32.3913    -0.458306 -8.99042e-06
     -24.1000       37.8972    -0.482648 -3.95631e-07
     -25.1000       33.3670    -0.424729  6.37852e-06
     -26.1000       22.1811    -0.114269  9.94087e-06
     -27.1000       8.89674     0.242172  1.05073e-05
     -28.1000      -3.65826   -0.0524744  6.20720e-06
     -29.1000      -6.35265     0.178522 -2.62169e-06
     -30.1000       2.77594    -0.133164 -9.85516e-06
     -31.1000       17.8090     0.143319 -1.13362e-05
     -32.1000       30.5391    0.0873626 -6.35265e-06
     -33.1000       33.3504    0.0821973  3.60403e-06
     -34.1000       21.7316     0.260629  1.21806e-05
     -35.1000       3.61675    -0.213744  9.03416e-06
     -36.1000     -0.296778    -0.604672 -2.13977e-06
     -37.1000       8.82834    -0.202697 -8.99616e-06
     -38.1000       21.5891    -0.305319 -1.01318e-05
     -39.1000       33.4487   -0.0532049 -5.41787e-06
     -40.1000       34.7394    -0.450357  3.10378e-06
     -41.1000       25.9240   0.00878691  1.03882e-05
     -42.1000       9.58385   -0.0340216  1.15268e-05
     -43.1000      -1.95624    -0.829051  7.76784e-06
     -44.1000      -9.18241    -0.968487  2.41325e-06
     -45.1000      -7.77956    -0.380578 -3.37423e-06
     -46.1000      -1.04970    -0.109131 -6.64774e-06
     -47.1000       8.22442    -0.344911 -1.02984e-05
     -48.1000       23.7141    -0.841834 -7.84321e-06
     -49.1000       27.0627   -0.0806501  3.36159e-06
     -50.1000       15.6494     0.159627  9.47824e-06
     -51.1000       4.34943    -0.687713  7.29149e-06
     -52.1000      -1.80387    -0.830014  3.95912e-06
     -53.1000      -5.11669    -0.657476  1.04387e-06
     -54.1000      -4.29696    -0.695584 -1.31128e-06
     -55.1000      -1.98837    -0.464917 -2.67636e-06
     -56.1000       2.08115     0.138882 -5.15652e-06
     -57.1000       10.2872    -0.684695 -4.97549e-06
     -58.1000       13.9134    -0.682544  4.87676e-08
     -59.1000       10.1713    -0.467873  5.86255e-06
     -60.1000       0.00000      0.00000  4.29004e-06
     -61.1000       0.00000      0.00000     -0.00000
     -62.1000       0.00000      0.00000     -0.00000
     -63.1000       0.00000      0.00000     -0.00000
     -64.1000       0.00000      0.00000     -0.00000
     -65.1000       0.00000      0.00000     -0.00000
     -66.1000       0.00000      0.00000     -0.00000
     -67.1000       0.00000      0.00000     -0.00000
     -68.1000       0.00000      0.00000     -0.00000
     -69.1000       0.00000      0.00000     -0.00000
     -70.1000       0.00000      0.00000     -0.00000
     -71.1000       0.00000      0.00000     -0.00000
     -72.1000       0.00000      0.00000     -0.00000
     -73.1000       0.00000      0.00000     -0.00000
     -74.1000       0.00000      0.00000     -0.00000
     -75.1000       0.00000      0.00000     -0.00000
     -76.1000       0.00000      0.00000     -0.00000
     -77.1000       0.00000      0.00000     -0.00000
     -78.1000       0.00000      0.00000     -0.00000
     -79.1000       0.00000      0.00000     -0.00000
     -80.1000       0.00000      0.00000     -0.00000
     -81.1000       0.00000      0.00000     -0.00000
     -82.1000       0.00000      0.00000     -0.00000
     -83.1000       0.00000      0.00000     -0.00000
     -84.1000       0.00000      0.00000     -0.00000
     -85.1000       0.00000      0.00000     -0.00000
     -86.1000       0.00000      0.00000     -0.00000
     -87.1000       0.00000      0.00000     -0.00000
     -88.1000       0.00000      0.00000     -0.00000
     -89.1000       0.00000      0.00000      0.00000
