      89.9000       0.00000      0.00000      0.00000
      88.9000       0.00000      0.00000     -0.00000
      87.9000       0.00000      0.00000     -0.00000
      86.9000       0.00000      0.00000     -0.00000
      85.9000       0.00000      0.00000     -0.00000
      84.9000       0.00000      0.00000     -0.00000
      83.9000       0.00000      0.00000     -0.00000
      82.9000       0.00000      0.00000     -0.00000
      81.9000       0.00000      0.00000     -0.00000
      80.9000       0.00000      0.00000     -0.00000
      79.9000       0.00000      0.00000     -0.00000
      78.9000       0.00000      0.00000     -0.00000
      77.9000       0.00000      0.00000     -0.00000
      76.9000       0.00000      0.00000     -0.00000
      75.9000       0.00000      0.00000     -0.00000
      74.9000       0.00000      0.00000     -0.00000
      73.9000       0.00000      0.00000     -0.00000
      72.9000       0.00000      0.00000     -0.00000
      71.9000       0.00000      0.00000     -0.00000
      70.9000       0.00000      0.00000     -0.00000
      69.9000       0.00000      0.00000     -0.00000
      68.9000       0.00000      0.00000     -0.00000
      67.9000       0.00000      0.00000     -0.00000
      66.9000       0.00000      0.00000     -0.00000
      65.9000       0.00000      0.00000     -0.00000
      64.9000       0.00000      0.00000     -0.00000
      63.9000       0.00000      0.00000     -0.00000
      62.9000       0.00000      0.00000     -0.00000
      61.9000       0.00000      0.00000     -0.00000
      60.9000       0.00000      0.00000 -3.84405e-06
      59.9000       9.10687     -1.10326 -8.00833e-07
      58.9000       1.89908    -0.448158  4.97961e-06
      57.9000      -2.71341    -0.339232  2.74290e-06
      56.9000      -4.61845    -0.285489  8.21400e-07
      55.9000      -4.66719    -0.581704 -1.26207e-06
      54.9000      -1.61333    -0.732562 -3.83441e-06
      53.9000       4.47266    -0.972168 -6.44351e-06
      52.9000       13.7623     -1.40025 -4.16006e-06
      51.9000       14.4104     -1.28734  2.37480e-06
      50.9000       8.08299     -1.09253  5.84136e-06
      49.9000      0.425086    -0.742115  4.97621e-06
      48.9000      -3.84450    -0.656635  2.21780e-06
      47.9000      -4.89685    -0.371005  5.90971e-08
      46.9000      -3.98648    0.0225306 -1.72771e-06
      45.9000     -0.741373    -0.623523 -3.16730e-06
      44.9000       3.64037    -0.151815 -4.17559e-06
      43.9000       9.32517    -0.260694 -2.59792e-06
      42.9000       9.91079    -0.617421  1.41763e-06
      41.9000       5.89954    -0.645065  3.11792e-06
      40.9000       2.36764    -0.223695 -1.10150e-06
      39.9000       8.56749    -0.182393 -4.57808e-06
      38.9000       13.4692    -0.881249 -5.70594e-07
      37.9000       9.95276    -0.633482  6.08534e-06
      36.9000      -1.32163   -0.0850478  7.09120e-06
      35.9000      -7.30273    -0.157702  1.65918e-06
      34.9000      -5.36363    -0.333569 -4.02483e-06
      33.9000       2.51339    -0.429326 -8.07523e-06
      32.9000       14.3530   -0.0420625 -9.72286e-06
      31.9000       26.2791     0.202557 -4.83187e-06
      30.9000       26.1765   -0.0989169  6.74262e-06
      29.9000       9.76235     0.162406  1.51119e-05
      28.9000      -10.8807    -0.214397  1.10838e-05
      27.9000      -17.4454   -0.0185227  2.39139e-07
      26.9000      -11.4683    -0.321731 -9.06355e-06
      25.9000       4.84793    -0.418660 -1.33350e-05
      24.9000       21.3632     0.176288 -1.72367e-05
      23.9000       47.3258    0.0826368 -2.25407e-05
      22.9000       76.9631    -0.425509 -2.86855e-05
      21.9000       118.146    -0.555077 -1.92602e-05
      20.9000       124.555    -0.414725  1.40945e-07
      19.9000       117.797    -0.311602  1.97000e-05
      18.9000       75.7966     -1.56819  3.33688e-05
      17.9000       35.1442     -1.68399  2.74257e-05
      16.9000       7.81401    -0.648913  1.88067e-05
      15.9000      -11.5065    -0.802931  1.02577e-05
      14.9000      -17.6477    -0.634930 -1.61096e-07
      13.9000      -11.1063    -0.277164 -9.23484e-06
      12.9000       5.30338   -0.0740576 -1.48568e-05
      11.9000       25.8375     -1.09831 -1.48664e-05
      10.9000       42.2904    -0.779082 -1.33488e-05
      9.89999       59.0649    -0.574907 -1.40567e-05
      8.89999       77.2953    -0.591378 -1.34772e-05
      7.89999       92.6403    -0.583567 -1.05211e-05
      6.89999       103.516    -0.703081 -8.04282e-06
      5.89999       112.691    -0.541507 -2.52362e-06
      4.89999       109.809    -0.357509  5.40312e-06
      3.89999       99.2140    0.0315848  8.37617e-06
      2.89999       88.9124    -0.289019  6.70563e-06
      1.89999       82.4829    -0.477237  3.88695e-06
     0.899994       79.2131    -0.851570  1.83827e-06
    -0.100006       77.8955    -0.678174  2.43849e-07
     -1.10001       78.6046    -0.555810 -1.85791e-06
     -2.10001       82.5319    -0.293300 -5.18061e-06
     -3.10001       91.5318    0.0696511 -1.17907e-05
     -4.10001       111.950    -0.475522 -1.64507e-05
     -5.10001       132.570    -0.673164 -1.12390e-05
     -6.10001       139.981    -0.783798 -3.87063e-07
     -7.10001       133.535    -0.228575  7.75612e-06
     -8.10001       120.647     0.853245  2.73619e-05
     -9.10001       65.3497    -0.627373  3.07373e-05
     -10.1000       44.0782    -0.399443  1.46181e-05
     -11.1000       28.9498    -0.348824  9.47283e-06
     -12.1000       20.5010    -0.197726  7.04155e-06
     -13.1000       11.4325     0.204549  8.78717e-06
     -14.1000      -1.34737     0.363240  1.27490e-05
     -15.1000      -20.2486    0.0589146  1.50986e-05
     -16.1000      -38.8444    -0.256022  1.21533e-05
     -17.1000      -50.4115    0.0470599  4.37035e-06
     -18.1000      -49.6837    0.0325136 -5.99401e-06
     -19.1000      -35.5558    0.0211090 -1.18902e-05
     -20.1000      -20.2367     0.519709 -1.26413e-05
     -21.1000      -4.27287     0.115400 -1.44587e-05
     -22.1000       15.5146    -0.351059 -1.61230e-05
     -23.1000       35.5600    -0.715832 -9.40020e-06
     -24.1000       38.7182    -0.389527  7.30486e-07
     -25.1000       33.7585    -0.379128  6.54392e-06
     -26.1000       22.5945    -0.341982  1.01553e-05
     -27.1000       8.76045    -0.127736  1.09533e-05
     -28.1000      -4.34162    -0.370054  6.23966e-06
     -29.1000      -6.56868    -0.664202 -2.89311e-06
     -30.1000       2.75871    -0.810515 -1.01214e-05
     -31.1000       18.2457    -0.502930 -1.18850e-05
     -32.1000       31.8660    -0.309981 -7.20093e-06
     -33.1000       35.8624    -0.466569  1.90858e-06
     -34.1000       27.2019     0.120832  1.22720e-05
     -35.1000       5.90551     0.468959  1.26021e-05
     -36.1000      -3.52643    -0.709336 -5.42378e-07
     -37.1000       7.22652    -0.573321 -9.98432e-06
     -38.1000       20.7634    -0.473628 -1.05727e-05
     -39.1000       32.9182    0.0743978 -5.39191e-06
     -40.1000       33.8507    -0.399082  2.71573e-06
     -41.1000       26.3342     0.345290  9.09371e-06
     -42.1000       11.8298  -0.00690850  1.10723e-05
     -43.1000     -0.446610     -1.12036  8.92491e-06
     -44.1000      -9.73187     -1.22699  3.46449e-06
     -45.1000      -8.80664    -0.688600 -3.28818e-06
     -46.1000      -1.80656    -0.277647 -6.73586e-06
     -47.1000       7.40948    -0.281188 -1.04952e-05
     -48.1000       23.4305     -1.39023 -7.48234e-06
     -49.1000       25.3810    -0.498698  4.45112e-06
     -50.1000       12.7518    -0.720085  8.91139e-06
     -51.1000       4.02612     -1.01983  5.76814e-06
     -52.1000      -1.05505    -0.694398  3.64705e-06
     -53.1000      -4.69383    -0.605068  1.49161e-06
     -54.1000      -4.61749    -0.696393 -8.84245e-07
     -55.1000      -2.58429    -0.563260 -2.66456e-06
     -56.1000       1.73248    0.0336207 -6.14246e-06
     -57.1000       12.0384     -1.19269 -5.31947e-06
     -58.1000       14.3827    -0.843439  7.18718e-07
     -59.1000       10.3310    -0.623359  6.06032e-06
     -60.1000       0.00000      0.00000  4.35737e-06
     -61.1000       0.00000      0.00000     -0.00000
     -62.1000       0.00000      0.00000     -0.00000
     -63.1000       0.00000      0.00000     -0.00000
     -64.1000       0.00000      0.00000     -0.00000
     -65.1000       0.00000      0.00000     -0.00000
     -66.1000       0.00000      0.00000     -0.00000
     -67.1000       0.00000      0.00000     -0.00000
     -68.1000       0.00000      0.00000     -0.00000
     -69.1000       0.00000      0.00000     -0.00000
     -70.1000       0.00000      0.00000     -0.00000
     -71.1000       0.00000      0.00000     -0.00000
     -72.1000       0.00000      0.00000     -0.00000
     -73.1000       0.00000      0.00000     -0.00000
     -74.1000       0.00000      0.00000     -0.00000
     -75.1000       0.00000      0.00000     -0.00000
     -76.1000       0.00000      0.00000     -0.00000
     -77.1000       0.00000      0.00000     -0.00000
     -78.1000       0.00000      0.00000     -0.00000
     -79.1000       0.00000      0.00000     -0.00000
     -80.1000       0.00000      0.00000     -0.00000
     -81.1000       0.00000      0.00000     -0.00000
     -82.1000       0.00000      0.00000     -0.00000
     -83.1000       0.00000      0.00000     -0.00000
     -84.1000       0.00000      0.00000     -0.00000
     -85.1000       0.00000      0.00000     -0.00000
     -86.1000       0.00000      0.00000     -0.00000
     -87.1000       0.00000      0.00000     -0.00000
     -88.1000       0.00000      0.00000     -0.00000
     -89.1000       0.00000      0.00000      0.00000
