     -89.2000      0.00000      0.00000      0.00000      0.00000      0.00000
     -88.2000      0.00000      0.00000      0.00000      0.00000      0.00000
     -87.2000      0.00000      0.00000      0.00000      0.00000      0.00000
     -86.2000      0.00000      0.00000      0.00000      0.00000      0.00000
     -85.2000      0.00000      0.00000      0.00000      0.00000      0.00000
     -84.2000      0.00000      0.00000      0.00000      0.00000      0.00000
     -83.2000      0.00000      0.00000      0.00000      0.00000      0.00000
     -82.2000      0.00000      0.00000      0.00000      0.00000      0.00000
     -81.2000      0.00000      0.00000      0.00000      0.00000      0.00000
     -80.2000      0.00000      0.00000      0.00000      0.00000      0.00000
     -79.2000      0.00000      0.00000      0.00000      0.00000      0.00000
     -78.2000      0.00000      0.00000      0.00000      0.00000      0.00000
     -77.2000      0.00000      0.00000      0.00000      0.00000      0.00000
     -76.2000      0.00000      0.00000      0.00000      0.00000      0.00000
     -75.2000      0.00000      0.00000      0.00000      0.00000      0.00000
     -74.2000      0.00000      0.00000      0.00000      0.00000      0.00000
     -73.2000      0.00000      0.00000      0.00000      0.00000      0.00000
     -72.2000      0.00000      0.00000      0.00000      0.00000      0.00000
     -71.2000      0.00000      0.00000      0.00000      0.00000      0.00000
     -70.2000      0.00000      0.00000      0.00000      0.00000      0.00000
     -69.2000      0.00000      0.00000      0.00000      0.00000      0.00000
     -68.2000      0.00000      0.00000      0.00000      0.00000      0.00000
     -67.2000      0.00000      0.00000      0.00000      0.00000      0.00000
     -66.2000      0.00000      0.00000      0.00000      0.00000      0.00000
     -65.2000      0.00000      0.00000      0.00000      0.00000      0.00000
     -64.2000      0.00000      0.00000      0.00000      0.00000      0.00000
     -63.2000      0.00000      0.00000      0.00000      0.00000      0.00000
     -62.2000      0.00000      0.00000      0.00000      0.00000      0.00000
     -61.2000      0.00000      0.00000      0.00000      0.00000      0.00000
     -60.2000      0.00000      0.00000  4.04670e-06      0.00000      0.00000
     -59.2000      9.59346    -0.781093  5.53513e-06     0.104509   0.00646867
     -58.2000      13.1350     -1.02741 -1.66693e-08     0.100813   0.00623994
     -57.2000      9.55386    -0.940334 -4.93311e-06    0.0934190   0.00578226
     -56.2000      1.40477    -0.229520 -5.03443e-06    0.0992948   0.00614595
     -55.2000     -2.42979    -0.605121 -2.58864e-06     0.105486   0.00652917
     -54.2000     -4.76362    -0.774502 -1.29374e-06     0.107954   0.00668192
     -53.2000     -5.51593    -0.730577  9.78864e-07     0.106085   0.00656624
     -52.2000     -2.42604    -0.984191  3.77888e-06    0.0975113   0.00603556
     -51.2000      3.51825    -0.785695  7.52210e-06    0.0802566   0.00496755
     -50.2000      15.5772     0.118513  9.73600e-06    0.0787788   0.00487609
     -49.2000      26.8465   -0.0212096  3.25931e-06     0.101359   0.00627371
     -48.2000      23.3957     -1.23945 -8.21444e-06     0.100618   0.00622785
     -47.2000      7.11891    -0.432915 -1.03290e-05     0.100284   0.00620719
     -46.2000     -1.43899    -0.222852 -6.18549e-06     0.107645   0.00666281
     -45.2000     -7.77050    -0.390846 -3.07780e-06     0.106870   0.00661484
     -44.2000     -8.85638     -1.00585  2.32634e-06     0.105624   0.00653769
     -43.2000     -2.15755    -0.881316  7.50201e-06    0.0989165   0.00612253
     -42.2000      9.26555    -0.411539  1.12412e-05    0.0972269   0.00601795
     -41.2000      25.0286    -0.255883  1.05001e-05     0.103682   0.00641748
     -40.2000      34.6890    -0.526020  3.19706e-06     0.107496   0.00665355
     -39.2000      32.7786    -0.204042 -5.75452e-06     0.108411   0.00671018
     -38.2000      20.7233    -0.318261 -9.97009e-06     0.107484   0.00665283
     -37.2000      8.55404    -0.261153 -8.60529e-06     0.107802   0.00667248
     -36.2000    -0.209279    -0.668590 -1.88546e-06     0.107952   0.00668177
     -35.2000      3.96236    -0.320667  8.80260e-06     0.106547   0.00659482
     -34.2000      21.2521     0.186055  1.14161e-05     0.105438   0.00652618
     -33.2000      31.8269   -0.0793351  3.57230e-06     0.108865   0.00673831
     -32.2000      29.9810   -0.0452671 -5.67032e-06     0.108865   0.00673831
     -31.2000      17.9563    -0.180128 -1.15563e-05     0.107954   0.00668192
     -30.2000      1.68168    -0.313604 -1.02696e-05     0.105320   0.00651889
     -29.2000     -7.21875     0.100792 -2.12400e-06     0.106045   0.00656376
     -28.2000     -3.53056    -0.128900  6.93162e-06     0.103536   0.00640846
     -27.2000      9.80861   -0.0310477  1.06939e-05     0.104164   0.00644731
     -26.2000      22.7650    -0.326368  9.54710e-06     0.108714   0.00672895
     -25.2000      33.3073    -0.461800  6.01802e-06     0.107334   0.00664353
     -24.2000      37.5916    -0.587180 -7.41739e-07     0.107954   0.00668192
     -23.2000      31.4782    -0.612166 -9.32782e-06     0.103739   0.00642103
     -22.2000      14.5687   -0.0540463 -1.43326e-05     0.102024   0.00631485
     -21.2000     -3.92837     0.314127 -1.41992e-05     0.106234   0.00657546
     -20.2000     -20.5380     0.350848 -1.34457e-05     0.108259   0.00670077
     -19.2000     -37.1990     0.273992 -1.17976e-05     0.108714   0.00672895
     -18.2000     -49.7536    0.0406539 -5.17803e-06     0.108865   0.00673831
     -17.2000     -50.0315    -0.114308  4.76863e-06     0.108562   0.00671957
     -16.2000     -37.9273    -0.176194  1.22012e-05     0.108104   0.00669122
     -15.2000     -19.7516   -0.0145153  1.43635e-05     0.107949   0.00668161
     -14.2000     -2.25811    -0.102670  1.18408e-05     0.107793   0.00667192
     -13.2000      9.67087    -0.223357  9.02889e-06     0.107954   0.00668192
     -12.2000      20.1900    -0.301690  7.64203e-06     0.108409   0.00671010
     -11.2000      28.6810    -0.257828  9.17921e-06     0.108865   0.00673831
     -10.2000      43.0353    -0.525187  1.50114e-05     0.107496   0.00665355
     -9.20000      66.0586    -0.410678  2.87783e-05     0.108865   0.00673831
     -8.20000      114.721     0.799528  2.58306e-05     0.103678   0.00641725
     -7.20000      130.426    0.0762878  8.87619e-06     0.108865   0.00673831
     -6.20000      136.847    -0.405321 -3.92275e-07     0.108865   0.00673831
     -5.20000      129.448    -0.305517 -1.07354e-05     0.108865   0.00673831
     -4.20000      110.073    -0.384496 -1.55878e-05     0.108865   0.00673831
     -3.20000      90.5628     0.142619 -1.14986e-05     0.108865   0.00673831
     -2.20000      81.3838   -0.0377058 -5.32364e-06     0.108865   0.00673831
     -1.20000      77.2789    -0.467460 -1.94747e-06     0.108865   0.00673831
    -0.200005      76.5239    -0.726641  1.21173e-07     0.108865   0.00673831
     0.799995      77.5813    -0.882677  1.66659e-06     0.108865   0.00673831
      1.80000      80.6829    -0.606543  4.05314e-06     0.108865   0.00673831
      2.80000      87.6953    -0.386823  6.83998e-06     0.108865   0.00673831
      3.80000      97.7494    0.0690845  7.92395e-06     0.108106   0.00669135
      4.80000      107.464    -0.603441  5.09107e-06     0.108259   0.00670077
      5.80000      110.448    -0.867791 -1.99588e-06     0.108865   0.00673831
      6.80000      102.486    -0.914930 -7.54669e-06     0.108562   0.00671957
      7.80000      91.6338    -0.515354 -1.02058e-05     0.108865   0.00673831
      8.80000      77.0510    -0.522638 -1.35827e-05     0.108865   0.00673831
      9.80000      57.7943    -0.373267 -1.42570e-05     0.108865   0.00673831
      10.8000      41.5457    -0.595180 -1.29751e-05     0.107492   0.00665331
      11.8000      25.4959    -0.602069 -1.45980e-05     0.106566   0.00659604
      12.8000      5.22471     0.197401 -1.42663e-05     0.108259   0.00670077
      13.8000     -9.98145    0.0107909 -8.91616e-06     0.108865   0.00673831
      14.8000     -16.9356    -0.447129 -7.54680e-07     0.108865   0.00673831
      15.8000     -11.8560    -0.669175  9.45449e-06     0.108865   0.00673831
      16.8000      6.53390    -0.515511  1.70057e-05     0.105477   0.00652858
      17.8000      30.3301     -1.07971  2.78115e-05    0.0936608   0.00579723
      18.8000      75.4778    -0.717614  3.57829e-05    0.0839914   0.00519872
      19.8000      118.969    0.0880868  2.01213e-05    0.0893064   0.00552770
      20.8000      125.283   0.00704976  5.41116e-07     0.107488   0.00665307
      21.8000      120.308    -0.188028 -1.73352e-05     0.106405   0.00658601
      22.8000      82.4442    -0.463254 -2.99664e-05     0.106865   0.00661449
      23.8000      46.3186    0.0854857 -2.45656e-05     0.104791   0.00648614
      24.8000      21.8440     0.156171 -1.70881e-05     0.108259   0.00670077
      25.8000      4.20299    -0.255014 -1.33503e-05     0.108865   0.00673831
      26.8000     -11.0283    -0.304238 -8.99348e-06     0.107802   0.00667248
      27.8000     -17.9201    0.0574456 -2.61418e-07     0.104297   0.00645559
      28.8000     -11.6707    -0.157630  1.20593e-05     0.101050   0.00625460
      29.8000      11.6851     0.443480  1.55332e-05    0.0964986   0.00597287
      30.8000      26.4236   -0.0444847  6.49886e-06     0.103375   0.00639851
      31.8000      27.6064     0.118663 -4.04535e-06     0.108411   0.00671018
      32.8000      16.5237   -0.0393812 -1.03512e-05     0.106573   0.00659644
      33.8000      2.30217    -0.123572 -9.40164e-06     0.105605   0.00653655
      34.8000     -6.43405    -0.404455 -4.83963e-06     0.107035   0.00662505
      35.8000     -9.50250    -0.477014  1.22597e-06     0.108562   0.00671957
      36.8000     -3.44706    -0.336546  7.01680e-06     0.108865   0.00673831
      37.8000      7.57389    -0.575680  6.12628e-06     0.108259   0.00670077
      38.8000      11.4450    -0.434969  3.52861e-07     0.108562   0.00671957
      39.8000      8.43065    -0.123198 -3.29090e-06     0.108562   0.00671957
      40.8000      3.46383    -0.264092 -1.09895e-06     0.108714   0.00672895
      41.8000      5.76854    -0.217515  2.79707e-06     0.108714   0.00672895
      42.8000      10.2316    -0.553368  1.29118e-06     0.108259   0.00670077
      43.8000      8.88899    -0.287083 -3.13407e-06     0.108411   0.00671018
      44.8000      2.66618    -0.225496 -4.31546e-06     0.107189   0.00663457
      45.8000     -1.51596    -0.526126 -2.61760e-06     0.105780   0.00654738
      46.8000     -3.63772   -0.0169720 -1.21881e-06     0.105903   0.00655499
      47.8000     -4.44778   -0.0421128  1.06840e-07     0.105448   0.00652678
      48.8000     -3.38102   -0.0460354  2.12806e-06     0.108106   0.00669135
      49.8000     0.659394    -0.213525  4.74857e-06     0.108714   0.00672895
      50.8000      8.00214    -0.229157  5.63900e-06     0.105789   0.00654792
      51.8000      14.1617    -0.683078  1.73852e-06     0.104164   0.00644731
      52.8000      12.1603    -0.593936 -4.23112e-06     0.102942   0.00637171
      53.8000      4.05314    -0.418662 -5.98455e-06     0.102348   0.00633492
      54.8000     -2.12175   -0.0760161 -3.68677e-06     0.105006   0.00649946
      55.8000     -4.73573    -0.274707 -1.16649e-06     0.107342   0.00664406
      56.8000     -4.89958    -0.300638  5.34566e-07     0.108865   0.00673831
      57.8000     -3.46409    -0.491991  2.43166e-06     0.107954   0.00668192
      58.8000     0.878991    -0.471259  4.88735e-06     0.107338   0.00664380
      59.8000      8.13836    -0.863221      0.00000     0.101626   0.00629024
      60.8000      0.00000      0.00000      0.00000      0.00000      0.00000
      61.8000      0.00000      0.00000      0.00000      0.00000      0.00000
      62.8000      0.00000      0.00000      0.00000      0.00000      0.00000
      63.8000      0.00000      0.00000      0.00000      0.00000      0.00000
      64.8000      0.00000      0.00000      0.00000      0.00000      0.00000
      65.8000      0.00000      0.00000      0.00000      0.00000      0.00000
      66.8000      0.00000      0.00000      0.00000      0.00000      0.00000
      67.8000      0.00000      0.00000      0.00000      0.00000      0.00000
      68.8000      0.00000      0.00000      0.00000      0.00000      0.00000
      69.8000      0.00000      0.00000      0.00000      0.00000      0.00000
      70.8000      0.00000      0.00000      0.00000      0.00000      0.00000
      71.8000      0.00000      0.00000      0.00000      0.00000      0.00000
      72.8000      0.00000      0.00000      0.00000      0.00000      0.00000
      73.8000      0.00000      0.00000      0.00000      0.00000      0.00000
      74.8000      0.00000      0.00000      0.00000      0.00000      0.00000
      75.8000      0.00000      0.00000      0.00000      0.00000      0.00000
      76.8000      0.00000      0.00000      0.00000      0.00000      0.00000
      77.8000      0.00000      0.00000      0.00000      0.00000      0.00000
      78.8000      0.00000      0.00000      0.00000      0.00000      0.00000
      79.8000      0.00000      0.00000      0.00000      0.00000      0.00000
      80.8000      0.00000      0.00000      0.00000      0.00000      0.00000
      81.8000      0.00000      0.00000      0.00000      0.00000      0.00000
      82.8000      0.00000      0.00000      0.00000      0.00000      0.00000
      83.8000      0.00000      0.00000      0.00000      0.00000      0.00000
      84.8000      0.00000      0.00000      0.00000      0.00000      0.00000
      85.8000      0.00000      0.00000      0.00000      0.00000      0.00000
      86.8000      0.00000      0.00000      0.00000      0.00000      0.00000
      87.8000      0.00000      0.00000      0.00000      0.00000      0.00000
      88.8000      0.00000      0.00000      0.00000      0.00000      0.00000
      89.8000      0.00000      0.00000      0.00000      0.00000      0.00000
