      89.9000       0.00000      0.00000      0.00000      0.00000      0.00000
      88.9000       0.00000      0.00000     -0.00000      0.00000      0.00000
      87.9000       0.00000      0.00000     -0.00000      0.00000      0.00000
      86.9000       0.00000      0.00000     -0.00000      0.00000      0.00000
      85.9000       0.00000      0.00000     -0.00000      0.00000      0.00000
      84.9000       0.00000      0.00000     -0.00000      0.00000      0.00000
      83.9000       0.00000      0.00000     -0.00000      0.00000      0.00000
      82.9000       0.00000      0.00000     -0.00000      0.00000      0.00000
      81.9000       0.00000      0.00000     -0.00000      0.00000      0.00000
      80.9000       0.00000      0.00000     -0.00000      0.00000      0.00000
      79.9000       0.00000      0.00000     -0.00000      0.00000      0.00000
      78.9000       0.00000      0.00000     -0.00000      0.00000      0.00000
      77.9000       0.00000      0.00000     -0.00000      0.00000      0.00000
      76.9000       0.00000      0.00000     -0.00000      0.00000      0.00000
      75.9000       0.00000      0.00000     -0.00000      0.00000      0.00000
      74.9000       0.00000      0.00000     -0.00000      0.00000      0.00000
      73.9000       0.00000      0.00000     -0.00000      0.00000      0.00000
      72.9000       0.00000      0.00000     -0.00000      0.00000      0.00000
      71.9000       0.00000      0.00000     -0.00000      0.00000      0.00000
      70.9000       0.00000      0.00000     -0.00000      0.00000      0.00000
      69.9000       0.00000      0.00000     -0.00000      0.00000      0.00000
      68.9000       0.00000      0.00000     -0.00000      0.00000      0.00000
      67.9000       0.00000      0.00000     -0.00000      0.00000      0.00000
      66.9000       0.00000      0.00000     -0.00000      0.00000      0.00000
      65.9000       0.00000      0.00000     -0.00000      0.00000      0.00000
      64.9000       0.00000      0.00000     -0.00000      0.00000      0.00000
      63.9000       0.00000      0.00000     -0.00000      0.00000      0.00000
      62.9000       0.00000      0.00000     -0.00000      0.00000      0.00000
      61.9000       0.00000      0.00000     -0.00000      0.00000      0.00000
      60.9000       0.00000      0.00000 -3.61887e-06      0.00000      0.00000
      59.9000       8.57340    -0.970670 -5.28917e-07     0.189515     0.177250
      58.9000       1.25426    -0.169428  4.90452e-06     0.148689     0.122121
      57.9000      -3.06865    -0.140742  2.51032e-06     0.104984     0.102345
      56.9000      -4.71062    -0.115981  6.53078e-07    0.0871394    0.0901427
      55.9000      -4.62206    -0.276385 -1.29799e-06     0.123262     0.102540
      54.9000      -1.61999    -0.356509 -3.68890e-06     0.131502     0.123464
      53.9000       4.17095    -0.424438 -5.92897e-06     0.211976     0.159316
      52.9000       12.5278    -0.752238 -4.09470e-06     0.240263     0.193477
      51.9000       13.9525    -0.615938  1.72843e-06     0.217162     0.170733
      50.9000       8.39431    -0.233968  5.61551e-06     0.173893     0.150058
      49.9000      0.507970    -0.222098  5.26459e-06     0.127545     0.100381
      48.9000      -4.22440   -0.0873074  2.60146e-06     0.128564     0.101110
      47.9000      -5.73461     0.184589  5.20789e-08     0.178872     0.116036
      46.9000      -4.34952     0.308435 -1.98576e-06     0.190561     0.120505
      45.9000     -0.958471    -0.478600 -3.22274e-06     0.209199     0.137131
      44.9000       3.41081    -0.171553 -4.14882e-06     0.173715    0.0989348
      43.9000       9.04352    -0.299613 -2.67162e-06     0.187412     0.123646
      42.9000       9.85911    -0.480544  1.29020e-06     0.182663     0.119859
      41.9000       5.92580    -0.522754  3.02117e-06     0.153271     0.122540
      40.9000       2.55002    -0.162432 -1.14906e-06     0.151431     0.111809
      39.9000       8.70896    0.0268208 -4.09105e-06     0.190673     0.106528
      38.9000       12.4706    -0.671337 -1.71049e-08     0.268051    0.0904832
      37.9000       8.75049    -0.425855  6.15861e-06     0.259798     0.105050
      36.9000      -2.49835   0.00905043  7.00200e-06     0.232830     0.113246
      35.9000      -8.28794    -0.118994  1.49819e-06     0.208909     0.110120
      34.9000      -6.14814    -0.164449 -4.15384e-06     0.198475     0.110062
      33.9000       1.84283    -0.177920 -8.64634e-06     0.285843     0.108391
      32.9000       14.9629    0.0589393 -1.03365e-05     0.359920    0.0962694
      31.9000       27.1085     0.138683 -4.70531e-06     0.228757    0.0734686
      30.9000       26.4767    -0.259916  6.54189e-06     0.244458    0.0893969
      29.9000       11.0835     0.303912  1.57218e-05     0.511630     0.115372
      28.9000      -12.0762    -0.116355  1.18232e-05     0.198017    0.0725506
      27.9000      -17.9394    0.0126512 -4.02181e-07     0.157157    0.0748288
      26.9000      -11.0879    -0.358145 -8.76584e-06     0.170621    0.0645684
      25.9000       3.62169    -0.226243 -1.24391e-05     0.225201    0.0530844
      24.9000       19.5377     0.246362 -1.53460e-05     0.360561    0.0495798
      23.9000       41.4400  -0.00877621 -2.49997e-05     0.954679    0.0718212
      22.9000       81.2031    -0.473363 -3.26436e-05     0.579827    0.0502163
      21.9000       122.032    -0.275118 -1.76556e-05     0.653885    0.0653121
      20.9000       124.830    -0.173516  1.81016e-06     0.408679    0.0566095
      19.9000       117.556    -0.318836  1.97998e-05     0.793857     0.137359
      18.9000       75.8246     -1.14735  3.26019e-05     0.911054     0.139094
      17.9000       36.8022     -1.13267  2.76313e-05      1.34007     0.177599
      16.9000       7.33253    -0.598780  1.94266e-05     0.502345     0.139621
      15.9000      -11.3864    -0.661762  9.93542e-06     0.200281     0.108416
      14.9000      -17.3292    -0.432560 -3.48314e-07     0.154343     0.100421
      13.9000      -10.5213    0.0764492 -9.26016e-06     0.168630    0.0974973
      12.9000       5.68477     0.215705 -1.47701e-05     0.278385     0.111375
      11.9000       26.2070    -0.870500 -1.46895e-05     0.357775     0.119022
      10.9000       42.2317    -0.804687 -1.30189e-05     0.336741     0.100943
      9.89999       58.6131    -0.474641 -1.39855e-05     0.248223    0.0561063
      8.89999       77.0594    -0.513281 -1.30832e-05     0.207893    0.0537135
      7.89999       91.2067    -0.492671 -9.97259e-06     0.184619    0.0532454
      6.89999       101.913    -0.902734 -7.52567e-06     0.249210    0.0641583
      5.89999       109.968    -0.790793 -2.07570e-06     0.376986    0.0867102
      4.89999       107.089    -0.586191  5.02683e-06     0.343714     0.112041
      3.89999       97.4298  -0.00694536  7.77374e-06     0.256670     0.102266
      2.89999       87.6955    -0.348846  6.49550e-06     0.205169    0.0708455
      1.89999       81.2230    -0.489057  3.84011e-06     0.152682    0.0566022
     0.899994       78.1131    -0.797531  1.69408e-06     0.131540    0.0442454
    -0.100006       76.9954    -0.661332  1.34789e-07     0.117434    0.0392383
     -1.10001       77.7767    -0.474572 -1.95600e-06     0.101906    0.0343326
     -2.10001       81.8766   -0.0880391 -5.47717e-06    0.0995372    0.0367490
     -3.10001       91.4439     0.156068 -1.21745e-05     0.160871    0.0438687
     -4.10001       112.252    -0.473251 -1.60195e-05     0.308877    0.0660408
     -5.10001       131.407    -0.532553 -1.04647e-05     0.200287    0.0612384
     -6.10001       138.353    -0.637478 -1.40746e-08     0.132848    0.0496137
     -7.10001       131.442    -0.114902  8.72087e-06     0.167470    0.0499718
     -8.10001       116.613     0.764947  2.66131e-05     0.582841     0.102169
     -9.10001       65.1221    -0.447066  2.93338e-05     0.353458    0.0623080
     -10.1000       43.5407    -0.437314  1.41663e-05     0.273844    0.0822734
     -11.1000       29.8473    -0.142653  9.06856e-06     0.217568    0.0770632
     -12.1000       20.9697    -0.339203  7.83669e-06     0.187139    0.0663508
     -13.1000       10.3520    -0.215184  9.11463e-06     0.274468     0.107051
     -14.1000      -1.69286    0.0346973  1.20981e-05     0.279338     0.115630
     -15.1000      -19.7115    0.0553614  1.47837e-05     0.386141     0.106763
     -16.1000      -38.4077    -0.409483  1.23878e-05     0.345728     0.104748
     -17.1000      -50.4565    -0.121482  4.47670e-06     0.207114    0.0971674
     -18.1000      -49.5108   -0.0902928 -5.96055e-06     0.199944    0.0864102
     -19.1000      -35.6837    -0.113710 -1.23834e-05     0.329579    0.0901482
     -20.1000      -18.8422     0.104093 -1.31018e-05     0.317325    0.0868397
     -21.1000      -3.26124    -0.140019 -1.32363e-05     0.289851    0.0849102
     -22.1000       13.8865    -0.266264 -1.55477e-05     0.337615    0.0834750
     -23.1000       35.1505    -0.826979 -9.76175e-06     0.439355     0.101132
     -24.1000       37.9825    -0.718104  5.78314e-08     0.284601    0.0596378
     -25.1000       35.0079    -0.466966  5.21106e-06     0.275839    0.0650700
     -26.1000       25.1429    -0.402862  1.00935e-05     0.360004    0.0836220
     -27.1000       10.1619    -0.100918  1.18645e-05     0.411557     0.118191
     -28.1000      -4.03409    -0.533357  6.95962e-06     0.261597     0.163775
     -29.1000      -6.93601    -0.502732 -2.74122e-06     0.444693     0.184265
     -30.1000       2.69347    -0.869621 -1.05994e-05     0.630452     0.139412
     -31.1000       19.0502    -0.536229 -1.14531e-05     0.480115     0.134743
     -32.1000       30.7431    -0.449672 -5.94482e-06     0.327264     0.104631
     -33.1000       33.5939    -0.408748  3.36670e-06     0.485886     0.105394
     -34.1000       22.5157     0.151584  1.14097e-05     0.842050     0.168801
     -35.1000       5.74204     0.519862  9.42887e-06     0.730721     0.186241
     -36.1000     -0.475151    -0.585405 -8.76242e-07     0.359561     0.130648
     -37.1000       7.87620    -0.165902 -8.84642e-06     0.377105     0.118298
     -38.1000       21.0464    -0.329842 -1.02407e-05     0.211649    0.0830883
     -39.1000       32.7611    0.0587335 -5.31006e-06     0.154558    0.0695402
     -40.1000       33.9350    -0.562638  3.17262e-06     0.173686    0.0731590
     -41.1000       25.0694    -0.138057  9.98499e-06     0.391323     0.112840
     -42.1000       9.75583    -0.445601  1.09625e-05     0.364350     0.114163
     -43.1000      -1.44574     -1.01151  7.57307e-06     0.183235    0.0947255
     -44.1000      -8.53989     -1.01200  2.73906e-06     0.162754    0.0719222
     -45.1000      -8.05527    -0.579274 -2.90141e-06     0.113973    0.0688245
     -46.1000      -1.54678    -0.365050 -6.33786e-06     0.108033    0.0735367
     -47.1000       7.20269    -0.436602 -1.06940e-05     0.271646     0.114164
     -48.1000       24.1685     -1.47952 -7.94148e-06     0.450482     0.143491
     -49.1000       26.2770    -0.316540  4.40922e-06     0.384488     0.166848
     -50.1000       13.5903    -0.234459  9.62248e-06     0.529628     0.199148
     -51.1000       3.21808    -0.988662  6.57570e-06     0.256843     0.163503
     -52.1000      -2.14955    -0.811178  3.58737e-06     0.204107     0.106601
     -53.1000      -5.35920    -0.560873  1.10498e-06     0.156424    0.0974828
     -54.1000      -4.78860    -0.672811 -1.16206e-06    0.0912652    0.0820583
     -55.1000      -2.58687    -0.496429 -2.57535e-06    0.0861152    0.0926805
     -56.1000       1.34879     0.228596 -5.62155e-06     0.165301     0.126407
     -57.1000       10.7957    -0.965337 -5.34978e-06     0.351529     0.188128
     -58.1000       14.0711    -0.829792  3.77895e-07     0.245692     0.163603
     -59.1000       9.89800    -0.610028  5.92901e-06     0.143948     0.109536
     -60.1000       0.00000      0.00000  4.17475e-06      0.00000      0.00000
     -61.1000       0.00000      0.00000     -0.00000      0.00000      0.00000
     -62.1000       0.00000      0.00000     -0.00000      0.00000      0.00000
     -63.1000       0.00000      0.00000     -0.00000      0.00000      0.00000
     -64.1000       0.00000      0.00000     -0.00000      0.00000      0.00000
     -65.1000       0.00000      0.00000     -0.00000      0.00000      0.00000
     -66.1000       0.00000      0.00000     -0.00000      0.00000      0.00000
     -67.1000       0.00000      0.00000     -0.00000      0.00000      0.00000
     -68.1000       0.00000      0.00000     -0.00000      0.00000      0.00000
     -69.1000       0.00000      0.00000     -0.00000      0.00000      0.00000
     -70.1000       0.00000      0.00000     -0.00000      0.00000      0.00000
     -71.1000       0.00000      0.00000     -0.00000      0.00000      0.00000
     -72.1000       0.00000      0.00000     -0.00000      0.00000      0.00000
     -73.1000       0.00000      0.00000     -0.00000      0.00000      0.00000
     -74.1000       0.00000      0.00000     -0.00000      0.00000      0.00000
     -75.1000       0.00000      0.00000     -0.00000      0.00000      0.00000
     -76.1000       0.00000      0.00000     -0.00000      0.00000      0.00000
     -77.1000       0.00000      0.00000     -0.00000      0.00000      0.00000
     -78.1000       0.00000      0.00000     -0.00000      0.00000      0.00000
     -79.1000       0.00000      0.00000     -0.00000      0.00000      0.00000
     -80.1000       0.00000      0.00000     -0.00000      0.00000      0.00000
     -81.1000       0.00000      0.00000     -0.00000      0.00000      0.00000
     -82.1000       0.00000      0.00000     -0.00000      0.00000      0.00000
     -83.1000       0.00000      0.00000     -0.00000      0.00000      0.00000
     -84.1000       0.00000      0.00000     -0.00000      0.00000      0.00000
     -85.1000       0.00000      0.00000     -0.00000      0.00000      0.00000
     -86.1000       0.00000      0.00000     -0.00000      0.00000      0.00000
     -87.1000       0.00000      0.00000     -0.00000      0.00000      0.00000
     -88.1000       0.00000      0.00000     -0.00000      0.00000      0.00000
     -89.1000       0.00000      0.00000      0.00000      0.00000      0.00000
