      89.9000       0.00000      0.00000      0.00000
      88.9000       0.00000      0.00000     -0.00000
      87.9000       0.00000      0.00000     -0.00000
      86.9000       0.00000      0.00000     -0.00000
      85.9000       0.00000      0.00000     -0.00000
      84.9000       0.00000      0.00000     -0.00000
      83.9000       0.00000      0.00000     -0.00000
      82.9000       0.00000      0.00000     -0.00000
      81.9000       0.00000      0.00000     -0.00000
      80.9000       0.00000      0.00000     -0.00000
      79.9000       0.00000      0.00000     -0.00000
      78.9000       0.00000      0.00000     -0.00000
      77.9000       0.00000      0.00000     -0.00000
      76.9000       0.00000      0.00000     -0.00000
      75.9000       0.00000      0.00000     -0.00000
      74.9000       0.00000      0.00000     -0.00000
      73.9000       0.00000      0.00000     -0.00000
      72.9000       0.00000      0.00000     -0.00000
      71.9000       0.00000      0.00000     -0.00000
      70.9000       0.00000      0.00000     -0.00000
      69.9000       0.00000      0.00000     -0.00000
      68.9000       0.00000      0.00000     -0.00000
      67.9000       0.00000      0.00000     -0.00000
      66.9000       0.00000      0.00000     -0.00000
      65.9000       0.00000      0.00000     -0.00000
      64.9000       0.00000      0.00000     -0.00000
      63.9000       0.00000      0.00000     -0.00000
      62.9000       0.00000      0.00000     -0.00000
      61.9000       0.00000      0.00000     -0.00000
      60.9000       0.00000      0.00000 -3.37789e-06
      59.9000       8.00249    -0.828778 -2.16149e-07
      58.9000      0.512572     0.151177  4.86894e-06
      57.9000      -3.55509     0.131049  2.24938e-06
      56.9000      -4.83228     0.107769  4.25264e-07
      55.9000      -4.56663    0.0987204 -1.34627e-06
      54.9000      -1.62667    0.0213005 -3.57359e-06
      53.9000       3.95152   -0.0260886 -5.47910e-06
      52.9000       11.4477    -0.185228 -4.06883e-06
      51.9000       13.6713    -0.203508  1.19833e-06
      50.9000       8.58188     0.283334  5.47384e-06
      49.9000      0.565920     0.141479  5.47340e-06
      48.9000      -4.53734     0.381658  2.92741e-06
      47.9000      -6.45882     0.664882  6.94831e-08
      46.9000      -4.70426     0.587804 -2.20445e-06
      45.9000      -1.15669    -0.346279 -3.27420e-06
      44.9000       3.17999    -0.191400 -4.11750e-06
      43.9000       8.76981    -0.337436 -2.74912e-06
      42.9000       9.81534    -0.364587  1.16532e-06
      41.9000       5.95386    -0.392031  2.93045e-06
      40.9000       2.72574    -0.103407 -1.20163e-06
      39.9000       8.86436     0.256631 -3.50988e-06
      38.9000       11.2370    -0.412035  6.41164e-07
      37.9000       7.30777    -0.176703  6.26595e-06
      36.9000      -3.99284     0.128559  6.89356e-06
      35.9000      -9.46679   -0.0726767  1.25793e-06
      34.9000      -7.05732    0.0315471 -4.33648e-06
      33.9000       1.10941    0.0970556 -9.27188e-06
      32.9000       15.5810     0.161306 -1.09551e-05
      31.9000       27.8872    0.0787109 -4.56188e-06
      30.9000       26.7439    -0.403205  6.38720e-06
      29.9000       12.2411     0.427907  1.62520e-05
      28.9000      -13.1090   -0.0316513  1.24276e-05
      27.9000      -18.2653    0.0332213 -9.61685e-07
      26.9000      -10.7459    -0.390882 -8.54245e-06
      25.9000       2.74628   -0.0888769 -1.18175e-05
      24.9000       18.3495     0.291975 -1.38748e-05
      23.9000       36.9391   -0.0786803 -2.68482e-05
      22.9000       84.5746    -0.511414 -3.57888e-05
      21.9000       125.296   -0.0399778 -1.64140e-05
      20.9000       125.133    0.0924963  3.21002e-06
      19.9000       117.358    -0.324755  1.99124e-05
      18.9000       75.8493    -0.776833  3.16952e-05
      17.9000       38.8502    -0.451631  2.78331e-05
      16.9000       6.85696    -0.549262  2.01966e-05
      15.9000      -11.2482    -0.499306  9.57743e-06
      14.9000      -16.9162    -0.170086 -5.94846e-07
      13.9000      -9.77075     0.530045 -9.29356e-06
      12.9000       6.18080     0.592566 -1.46465e-05
      11.9000       26.6502    -0.597233 -1.44647e-05
      10.9000       42.1684    -0.832290 -1.26332e-05
      9.89999       58.0964    -0.359977 -1.39054e-05
      8.89999       76.7965    -0.426295 -1.27208e-05
      7.89999       89.7874    -0.402675 -9.49400e-06
      6.89999       100.457     -1.08404 -7.11389e-06
      5.89999       107.522     -1.01473 -1.63628e-06
      4.89999       104.537    -0.800707  4.67041e-06
      3.89999       95.8729   -0.0405670  7.18042e-06
      2.89999       86.6244    -0.401508  6.33714e-06
      1.89999       80.0612    -0.499956  3.79952e-06
     0.899994       77.1432    -0.749887  1.55915e-06
    -0.100006       76.1704    -0.645894  4.08688e-08
     -1.10001       77.0413    -0.402400 -2.04044e-06
     -2.10001       81.2622     0.104386 -5.73610e-06
     -3.10001       91.3545     0.243976 -1.25229e-05
     -4.10001       112.507    -0.471336 -1.56292e-05
     -5.10001       130.344    -0.404075 -9.65524e-06
     -6.10001       136.588    -0.478991  5.75448e-07
     -7.10001       128.909    0.0226397  1.00317e-05
     -8.10001       111.581     0.654801  2.56808e-05
     -9.10001       64.9122    -0.280766  2.75570e-05
     -10.1000       42.9349    -0.479995  1.36144e-05
     -11.1000       31.0116     0.124772  8.54289e-06
     -12.1000       21.6723    -0.551286  8.79258e-06
     -13.1000       9.13821    -0.686679  9.52304e-06
     -14.1000      -2.00570    -0.262789  1.14074e-05
     -15.1000      -19.2090    0.0520377  1.44729e-05
     -16.1000      -37.9486    -0.570775  1.26076e-05
     -17.1000      -50.4995    -0.282739  4.59552e-06
     -18.1000      -49.3464    -0.206959 -5.93140e-06
     -19.1000      -35.7990    -0.235213 -1.27487e-05
     -20.1000      -17.7732    -0.214519 -1.33818e-05
     -21.1000      -2.68376    -0.285820 -1.24867e-05
     -22.1000       13.1019    -0.225402 -1.51648e-05
     -23.1000       34.7818    -0.927060 -9.86346e-06
     -24.1000       37.4490    -0.956392 -5.22522e-07
     -25.1000       36.0704    -0.541668  3.69011e-06
     -26.1000       28.3569    -0.479642  9.82281e-06
     -27.1000       11.8908   -0.0678338  1.29916e-05
     -28.1000      -3.59187    -0.768178  7.86851e-06
     -29.1000      -7.43995    -0.281212 -2.52424e-06
     -30.1000       2.60318    -0.951431 -1.12866e-05
     -31.1000       20.2312    -0.585116 -1.08536e-05
     -32.1000       29.1845    -0.643572 -4.12960e-06
     -33.1000       30.3340    -0.325661  4.50620e-06
     -34.1000       18.1724     0.180085  1.01232e-05
     -35.1000       5.62266     0.557035  6.62480e-06
     -36.1000       2.01881    -0.484109 -1.15921e-06
     -37.1000       8.44601     0.191424 -8.02121e-06
     -38.1000       21.5328   -0.0827099 -9.86875e-06
     -39.1000       32.4271    0.0254304 -5.16754e-06
     -40.1000       34.0755    -0.835003  3.81087e-06
     -41.1000       23.1881    -0.857037  1.08028e-05
     -42.1000       7.91589    -0.834800  1.04424e-05
     -43.1000      -2.06911    -0.943592  6.45415e-06
     -44.1000      -7.67666    -0.856311  2.09361e-06
     -45.1000      -7.12113    -0.443355 -2.67612e-06
     -46.1000      -1.22654    -0.472796 -5.85493e-06
     -47.1000       6.97422    -0.608312 -1.08532e-05
     -48.1000       24.8715     -1.56458 -8.42814e-06
     -49.1000       27.2174    -0.125346  4.35836e-06
     -50.1000       14.4154     0.243376  1.04857e-05
     -51.1000       2.08986    -0.945145  7.49144e-06
     -52.1000      -3.51645    -0.957021  3.40482e-06
     -53.1000      -6.05094    -0.514926  5.98832e-07
     -54.1000      -4.94665    -0.651030 -1.45108e-06
     -55.1000      -2.58909    -0.438948 -2.50826e-06
     -56.1000       1.03087     0.390146 -5.07515e-06
     -57.1000       9.49277    -0.726950 -5.32246e-06
     -58.1000       13.6882    -0.813023  6.13322e-08
     -59.1000       9.34707    -0.593065  5.76768e-06
     -60.1000       0.00000      0.00000  3.94238e-06
     -61.1000       0.00000      0.00000     -0.00000
     -62.1000       0.00000      0.00000     -0.00000
     -63.1000       0.00000      0.00000     -0.00000
     -64.1000       0.00000      0.00000     -0.00000
     -65.1000       0.00000      0.00000     -0.00000
     -66.1000       0.00000      0.00000     -0.00000
     -67.1000       0.00000      0.00000     -0.00000
     -68.1000       0.00000      0.00000     -0.00000
     -69.1000       0.00000      0.00000     -0.00000
     -70.1000       0.00000      0.00000     -0.00000
     -71.1000       0.00000      0.00000     -0.00000
     -72.1000       0.00000      0.00000     -0.00000
     -73.1000       0.00000      0.00000     -0.00000
     -74.1000       0.00000      0.00000     -0.00000
     -75.1000       0.00000      0.00000     -0.00000
     -76.1000       0.00000      0.00000     -0.00000
     -77.1000       0.00000      0.00000     -0.00000
     -78.1000       0.00000      0.00000     -0.00000
     -79.1000       0.00000      0.00000     -0.00000
     -80.1000       0.00000      0.00000     -0.00000
     -81.1000       0.00000      0.00000     -0.00000
     -82.1000       0.00000      0.00000     -0.00000
     -83.1000       0.00000      0.00000     -0.00000
     -84.1000       0.00000      0.00000     -0.00000
     -85.1000       0.00000      0.00000     -0.00000
     -86.1000       0.00000      0.00000     -0.00000
     -87.1000       0.00000      0.00000     -0.00000
     -88.1000       0.00000      0.00000     -0.00000
     -89.1000       0.00000      0.00000      0.00000
