      89.8000       0.00000      0.00000      0.00000
      88.8000       0.00000      0.00000     -0.00000
      87.8000       0.00000      0.00000     -0.00000
      86.8000       0.00000      0.00000     -0.00000
      85.8000       0.00000      0.00000     -0.00000
      84.8000       0.00000      0.00000     -0.00000
      83.8000       0.00000      0.00000     -0.00000
      82.8000       0.00000      0.00000     -0.00000
      81.8000       0.00000      0.00000     -0.00000
      80.8000       0.00000      0.00000     -0.00000
      79.8000       0.00000      0.00000     -0.00000
      78.8000       0.00000      0.00000     -0.00000
      77.8000       0.00000      0.00000     -0.00000
      76.8000       0.00000      0.00000     -0.00000
      75.8000       0.00000      0.00000     -0.00000
      74.8000       0.00000      0.00000     -0.00000
      73.8000       0.00000      0.00000     -0.00000
      72.8000       0.00000      0.00000     -0.00000
      71.8000       0.00000      0.00000     -0.00000
      70.8000       0.00000      0.00000     -0.00000
      69.8000       0.00000      0.00000     -0.00000
      68.8000       0.00000      0.00000     -0.00000
      67.8000       0.00000      0.00000     -0.00000
      66.8000       0.00000      0.00000     -0.00000
      65.8000       0.00000      0.00000     -0.00000
      64.8000       0.00000      0.00000     -0.00000
      63.8000       0.00000      0.00000     -0.00000
      62.8000       0.00000      0.00000     -0.00000
      61.8000       0.00000      0.00000     -0.00000
      60.8000       0.00000      0.00000 -4.23729e-06
      59.8000       10.0395    -0.898399 -1.26329e-06
      58.8000       2.99603    -0.307858  5.29684e-06
      57.8000      -2.53512    -0.371595  3.21792e-06
      56.8000      -4.65098    -0.373879  1.07849e-06
      55.8000      -5.10067    -0.177161 -5.02342e-07
      54.8000      -3.45473   -0.0635941 -2.81950e-06
      53.8000       1.62071    -0.136718 -5.62779e-06
      52.8000       9.97588    -0.401371 -5.36321e-06
      51.8000       14.4340    -0.349947 -2.26840e-07
      50.8000       10.5184    -0.307334  5.02324e-06
      49.8000       2.40607    -0.117049  5.48177e-06
      48.8000      -2.62233   -0.0305950  2.82964e-06
      47.8000      -4.38485   -0.0389483  6.58053e-07
      46.8000      -4.20343   -0.0131344 -7.75860e-07
      45.8000      -2.51854    -0.379069 -2.17913e-06
      44.8000       1.04451    -0.318415 -4.13883e-06
      43.8000       7.46054    -0.351095 -3.89095e-06
      42.8000       10.4369    -0.540061 -4.23203e-08
      41.8000       7.56282    -0.417751  2.86582e-06
      40.8000       3.50285    -0.170620  4.32351e-07
      39.8000       6.51549    -0.265194 -3.27662e-06
      38.8000       11.4494    -0.171090 -1.51724e-06
      37.8000       10.1994    -0.626107  4.74970e-06
      36.8000    -0.0964409    -0.351917  7.70118e-06
      35.8000      -8.54253    -0.346210  3.36655e-06
      34.8000      -8.29877    -0.424616 -3.16751e-06
      33.8000     -0.816440    -0.177467 -8.05605e-06
      32.8000       11.3732     0.189412 -1.08941e-05
      31.8000       25.8150   -0.0671668 -6.80416e-06
      30.8000       28.0246     0.163171  3.58963e-06
      29.8000       17.0209     0.407847  1.40779e-05
      28.8000      -6.50062    -0.181653  1.40472e-05
      27.8000      -17.4646    0.0797702  3.24451e-06
      26.8000      -14.4739    -0.375507 -6.76493e-06
      25.8000     -0.823451    -0.285908 -1.26689e-05
      24.8000       16.7207   -0.0187507 -1.54475e-05
      23.8000       37.2486     0.411712 -2.25390e-05
      22.8000       72.3215    -0.358905 -3.07181e-05
      21.8000       113.094    -0.291456 -2.03321e-05
      20.8000       122.566   -0.0642730 -5.24192e-06
      19.8000       126.058     0.184484  1.33806e-05
      18.8000       89.4460    -0.651255  3.50301e-05
      17.8000       39.2835    -0.969831  3.07725e-05
      16.8000       13.1620    -0.380977  1.89076e-05
      15.8000      -7.62070    -0.737320  1.20886e-05
      14.8000      -16.8462    -0.556247  2.22490e-06
      13.8000      -13.1472    -0.129512 -6.92177e-06
      12.8000      0.357217    0.0837341 -1.29037e-05
      11.8000       18.9416    -0.265489 -1.47137e-05
      10.8000       36.9661    -0.409457 -1.35814e-05
      9.80000       52.7495    -0.495620 -1.38716e-05
      8.80000       71.5115    -0.427658 -1.43484e-05
      7.80000       88.4965    -0.521807 -1.10603e-05
      6.80000       99.0766    -0.728220 -8.15933e-06
      5.80000       108.838    -0.994695 -3.96339e-06
      4.80000       108.960    -0.846410  2.94966e-06
      3.80000       101.481   0.00197825  7.58890e-06
      2.80000       90.0276    -0.158633  7.65170e-06
      1.80000       82.3888    -0.514277  4.78889e-06
     0.799995       78.0776    -0.780419  2.28561e-06
    -0.200005       76.6851    -0.818089  5.39118e-07
     -1.20000       76.7322    -0.522874 -1.20403e-06
     -2.20000       79.6897    -0.159005 -3.98241e-06
     -3.20000       86.6694     0.137156 -9.48012e-06
     -4.20000       103.342    -0.291280 -1.51874e-05
     -5.20000       124.556    -0.450994 -1.31112e-05
     -6.20000       136.043    -0.365756 -3.60216e-06
     -7.20000       133.537    -0.181600  6.18999e-06
     -8.20000       120.613     0.502025  2.23697e-05
     -9.20000       77.7941    -0.118426  2.85857e-05
     -10.2000       49.4064    -0.444290  1.83577e-05
     -11.2000       32.0845    -0.417178  1.07145e-05
     -12.2000       22.7401    -0.383319  7.24337e-06
     -13.2000       14.0660    -0.193699  8.12719e-06
     -14.2000       2.53381    -0.229262  1.15801e-05
     -15.2000      -14.7085    0.0129103  1.41490e-05
     -16.2000      -32.6025    -0.104000  1.33570e-05
     -17.2000      -47.8568   -0.0388095  7.10417e-06
     -18.2000      -50.2210    -0.152283 -2.37895e-06
     -19.2000      -41.9612     0.299468 -1.01390e-05
     -20.2000      -25.1130     0.276134 -1.34923e-05
     -21.2000      -8.57521     0.291612 -1.39836e-05
     -22.2000       9.46051    0.0293885 -1.39780e-05
     -23.2000       25.9553    -0.328559 -1.09955e-05
     -24.2000       36.5995    -0.731441 -3.91205e-06
     -25.2000       35.6024    -0.545793  4.31263e-06
     -26.2000       25.9746    -0.486800  8.75782e-06
     -27.2000       14.0464   -0.0471871  1.07726e-05
     -28.2000     -0.514623    -0.101561  8.54413e-06
     -29.2000      -6.94206   -0.0819117  7.58784e-07
     -30.2000      -2.37665    -0.198839 -7.92794e-06
     -31.2000       12.4926    -0.156024 -1.21804e-05
     -32.2000       27.4508    -0.172359 -8.17012e-06
     -33.2000       32.4782    -0.240389  8.60685e-07
     -34.2000       25.3477     0.181994  1.01315e-05
     -35.2000       7.74923   -0.0715295  1.05458e-05
     -36.2000     -0.363652    -0.672858  1.07087e-06
     -37.2000       5.14132    -0.293427 -7.07538e-06
     -38.2000       16.8474    -0.444771 -1.00215e-05
     -39.2000       29.4909    -0.350393 -7.49853e-06
     -40.2000       35.0457    -0.500399  4.35704e-07
     -41.2000       28.4347    -0.228259  8.78503e-06
     -42.2000       13.7748    -0.360945  1.16960e-05
     -43.2000      0.148617    -0.737133  8.81385e-06
     -44.2000      -7.51607     -1.05724  3.72827e-06
     -45.2000      -8.84688    -0.649488 -1.46645e-06
     -46.2000      -3.98197    -0.266985 -5.38227e-06
     -47.2000       4.10905    -0.105738 -8.83036e-06
     -48.2000       17.2494     -1.12195 -9.54470e-06
     -49.2000       27.0314    -0.185836 -1.32661e-06
     -50.2000       20.4316     0.234672  8.43078e-06
     -51.2000       6.83051    -0.562722  8.83469e-06
     -52.2000     -0.713087    -0.953202  4.92420e-06
     -53.2000      -4.94176    -0.706529  1.87568e-06
     -54.2000      -5.19230    -0.768353 -6.93025e-07
     -55.2000      -3.28859    -0.718998 -2.21450e-06
     -56.2000     0.0845685    -0.424571 -4.02641e-06
     -57.2000       6.29564    -0.622225 -5.28917e-06
     -58.2000       12.6614     -1.09857 -2.12619e-06
     -59.2000       11.3462    -0.668385  5.33557e-06
     -60.2000       0.00000      0.00000  4.78605e-06
     -61.2000       0.00000      0.00000     -0.00000
     -62.2000       0.00000      0.00000     -0.00000
     -63.2000       0.00000      0.00000     -0.00000
     -64.2000       0.00000      0.00000     -0.00000
     -65.2000       0.00000      0.00000     -0.00000
     -66.2000       0.00000      0.00000     -0.00000
     -67.2000       0.00000      0.00000     -0.00000
     -68.2000       0.00000      0.00000     -0.00000
     -69.2000       0.00000      0.00000     -0.00000
     -70.2000       0.00000      0.00000     -0.00000
     -71.2000       0.00000      0.00000     -0.00000
     -72.2000       0.00000      0.00000     -0.00000
     -73.2000       0.00000      0.00000     -0.00000
     -74.2000       0.00000      0.00000     -0.00000
     -75.2000       0.00000      0.00000     -0.00000
     -76.2000       0.00000      0.00000     -0.00000
     -77.2000       0.00000      0.00000     -0.00000
     -78.2000       0.00000      0.00000     -0.00000
     -79.2000       0.00000      0.00000     -0.00000
     -80.2000       0.00000      0.00000     -0.00000
     -81.2000       0.00000      0.00000     -0.00000
     -82.2000       0.00000      0.00000     -0.00000
     -83.2000       0.00000      0.00000     -0.00000
     -84.2000       0.00000      0.00000     -0.00000
     -85.2000       0.00000      0.00000     -0.00000
     -86.2000       0.00000      0.00000     -0.00000
     -87.2000       0.00000      0.00000     -0.00000
     -88.2000       0.00000      0.00000     -0.00000
     -89.2000       0.00000      0.00000      0.00000
