      89.9000       0.00000      0.00000      0.00000      0.00000      0.00000
      88.9000       0.00000      0.00000     -0.00000      0.00000      0.00000
      87.9000       0.00000      0.00000     -0.00000      0.00000      0.00000
      86.9000       0.00000      0.00000     -0.00000      0.00000      0.00000
      85.9000       0.00000      0.00000     -0.00000      0.00000      0.00000
      84.9000       0.00000      0.00000     -0.00000      0.00000      0.00000
      83.9000       0.00000      0.00000     -0.00000      0.00000      0.00000
      82.9000       0.00000      0.00000     -0.00000      0.00000      0.00000
      81.9000       0.00000      0.00000     -0.00000      0.00000      0.00000
      80.9000       0.00000      0.00000     -0.00000      0.00000      0.00000
      79.9000       0.00000      0.00000     -0.00000      0.00000      0.00000
      78.9000       0.00000      0.00000     -0.00000      0.00000      0.00000
      77.9000       0.00000      0.00000     -0.00000      0.00000      0.00000
      76.9000       0.00000      0.00000     -0.00000      0.00000      0.00000
      75.9000       0.00000      0.00000     -0.00000      0.00000      0.00000
      74.9000       0.00000      0.00000     -0.00000      0.00000      0.00000
      73.9000       0.00000      0.00000     -0.00000      0.00000      0.00000
      72.9000       0.00000      0.00000     -0.00000      0.00000      0.00000
      71.9000       0.00000      0.00000     -0.00000      0.00000      0.00000
      70.9000       0.00000      0.00000     -0.00000      0.00000      0.00000
      69.9000       0.00000      0.00000     -0.00000      0.00000      0.00000
      68.9000       0.00000      0.00000     -0.00000      0.00000      0.00000
      67.9000       0.00000      0.00000     -0.00000      0.00000      0.00000
      66.9000       0.00000      0.00000     -0.00000      0.00000      0.00000
      65.9000       0.00000      0.00000     -0.00000      0.00000      0.00000
      64.9000       0.00000      0.00000     -0.00000      0.00000      0.00000
      63.9000       0.00000      0.00000     -0.00000      0.00000      0.00000
      62.9000       0.00000      0.00000     -0.00000      0.00000      0.00000
      61.9000       0.00000      0.00000     -0.00000      0.00000      0.00000
      60.9000       0.00000      0.00000 -3.43109e-06      0.00000      0.00000
      59.9000       8.12854    -0.759684 -3.61911e-07     0.118607     0.111767
      58.9000      0.858231    -0.338264  4.87853e-06    0.0995705    0.0881686
      57.9000      -3.45180    -0.406259  2.42247e-06    0.0786621    0.0749560
      56.9000      -4.89791    -0.229328  5.55168e-07    0.0684876    0.0694122
      55.9000      -4.77232    -0.189089 -1.12717e-06    0.0845726    0.0731933
      54.9000      -2.21402   -0.0617700 -3.65259e-06    0.0972202    0.0821656
      53.9000       3.93413    -0.340715 -5.96963e-06     0.127597     0.100116
      52.9000       12.0308    -0.433603 -4.21963e-06     0.144881     0.107305
      51.9000       14.0142    -0.660054  1.71251e-06     0.141201     0.104294
      50.9000       7.93539    -0.179151  5.59107e-06     0.111920    0.0877614
      49.9000      0.628105    -0.194998  4.75212e-06    0.0803128    0.0626254
      48.9000      -3.45498   -0.0158026  2.13376e-06    0.0874442    0.0632652
      47.9000      -4.49216    0.0130406  8.68022e-08    0.0935529    0.0743864
      46.9000      -3.66351   0.00342042 -1.20302e-06    0.0850269    0.0736801
      45.9000      -1.59868    -0.481216 -2.64169e-06    0.0896432    0.0670902
      44.9000       2.69765    -0.257669 -4.36120e-06    0.0909603    0.0592367
      43.9000       8.91534    -0.299941 -3.10805e-06     0.101812    0.0664786
      42.9000       10.1993    -0.551875  1.29950e-06    0.0951295    0.0632551
      41.9000       5.77516    -0.250980  2.78707e-06    0.0847577    0.0664362
      40.9000       3.45660    -0.249515 -1.11509e-06    0.0835181    0.0544515
      39.9000       8.47604    -0.112923 -3.27251e-06     0.106614    0.0614547
      38.9000       11.3923    -0.399963  3.88791e-07     0.139078    0.0637667
      37.9000       7.53214    -0.603678  6.09836e-06     0.152732    0.0669253
      36.9000      -3.43027    -0.337329  6.98891e-06     0.167508    0.0744954
      35.9000      -9.47443    -0.425768  1.24603e-06     0.174154    0.0748434
      34.9000      -6.46576    -0.320873 -4.74250e-06     0.160332    0.0719793
      33.9000       2.09202   -0.0747343 -9.42122e-06     0.218949    0.0699046
      32.9000       16.5372   -0.0798752 -1.04177e-05     0.277014    0.0632640
      31.9000       27.5561     0.113622 -3.98109e-06     0.168040    0.0508648
      30.9000       26.2789   -0.0705574  6.50972e-06     0.203202    0.0730770
      29.9000       11.6099     0.468400  1.54418e-05     0.430968    0.0930580
      28.9000      -11.5873    -0.143648  1.20984e-05     0.171162    0.0584191
      27.9000      -18.0883    0.0672328 -1.85726e-07     0.147426    0.0636078
      26.9000      -11.1310    -0.269744 -9.12492e-06     0.162196    0.0531570
      25.9000       4.35592    -0.241826 -1.32745e-05     0.222879    0.0433699
      24.9000       21.5516     0.171547 -1.72259e-05     0.329764    0.0439797
      23.9000       46.8070    0.0430837 -2.49296e-05     0.788444    0.0573828
      22.9000       83.0441    -0.406004 -2.95998e-05     0.507577    0.0436455
      21.9000       119.885    -0.160388 -1.70091e-05     0.502141    0.0527062
      20.9000       125.073    0.0101998  4.01548e-07     0.292405    0.0456553
      19.9000       118.892     0.151472  2.01973e-05     0.500053     0.102540
      18.9000       75.0841    -0.844212  3.55200e-05     0.837008     0.118804
      17.9000       30.9101    -0.992568  2.78027e-05     0.971251     0.127492
      16.9000       6.16710    -0.516116  1.72391e-05     0.372100     0.102538
      15.9000      -11.8522    -0.674150  9.28996e-06     0.150215    0.0826779
      14.9000      -16.8925    -0.460754 -7.51479e-07     0.132936    0.0839582
      13.9000      -9.98566  -0.00255305 -9.01250e-06     0.146439    0.0860187
      12.9000       5.50601     0.175301 -1.42111e-05     0.217937    0.0959430
      11.9000       25.3525    -0.517455 -1.44027e-05     0.299290     0.103741
      10.9000       41.3394    -0.514311 -1.30211e-05     0.296316    0.0891205
      9.89999       57.7641    -0.363657 -1.43826e-05     0.230524    0.0513288
      8.89999       77.1558    -0.522365 -1.35673e-05     0.201339    0.0510265
      7.89999       91.5639    -0.524800 -1.00446e-05     0.187874    0.0520820
      6.89999       102.189    -0.897517 -7.38239e-06     0.252309    0.0637510
      5.89999       109.968    -0.790793 -1.96608e-06     0.376986    0.0867102
      4.89999       107.091    -0.585355  5.03157e-06     0.342622     0.111652
      3.89999       97.4180   -0.0278409  7.83813e-06     0.253886     0.101185
      2.89999       87.5374    -0.382631  6.72490e-06     0.198946    0.0686543
      1.89999       80.6388    -0.573716  4.02670e-06     0.143021    0.0526024
     0.899994       77.4894    -0.854935  1.67123e-06     0.123103    0.0406544
    -0.100006       76.4683    -0.710540  9.96314e-08     0.111578    0.0368012
     -1.10001       77.2408    -0.451574 -1.95466e-06     0.101063    0.0328195
     -2.10001       81.3461   -0.0347034 -5.32412e-06     0.103205    0.0350727
     -3.10001       90.5260     0.154405 -1.14726e-05     0.169876    0.0431659
     -4.10001       109.970    -0.419725 -1.55714e-05     0.322047    0.0658417
     -5.10001       129.371    -0.321424 -1.07298e-05     0.231810    0.0608242
     -6.10001       136.732    -0.399753 -3.33481e-07     0.160802    0.0513950
     -7.10001       130.202    0.0787024  8.35048e-06     0.166878    0.0516645
     -8.10001       115.916     0.742270  2.57166e-05     0.482729     0.105888
     -9.10001       66.1169    -0.406328  2.92604e-05     0.339133    0.0608874
     -10.1000       43.0259    -0.532497  1.50022e-05     0.326438    0.0748990
     -11.1000       28.7606    -0.238590  9.03739e-06     0.221356    0.0650040
     -12.1000       20.5325    -0.287367  7.36238e-06     0.209276    0.0610233
     -13.1000       10.4452    -0.189337  9.12172e-06     0.254624    0.0700720
     -14.1000      -2.14767   -0.0599397  1.22676e-05     0.250833    0.0721643
     -15.1000      -20.0397   -0.0524122  1.44928e-05     0.265549    0.0691497
     -16.1000      -38.1401    -0.237999  1.21081e-05     0.226684    0.0676317
     -17.1000      -50.0905    -0.103982  4.65816e-06     0.168317    0.0681111
     -18.1000      -49.6933    0.0270786 -5.23244e-06     0.169251    0.0681267
     -19.1000      -37.1223     0.305374 -1.18292e-05     0.270530    0.0803774
     -20.1000      -20.3972     0.305652 -1.36183e-05     0.295060    0.0797341
     -21.1000      -3.42181     0.188988 -1.41501e-05     0.289455    0.0808076
     -22.1000       14.5910   -0.0427001 -1.40773e-05     0.241968    0.0860163
     -23.1000       31.3571    -0.666688 -9.33688e-06     0.350016    0.0813196
     -24.1000       37.6383    -0.626160 -9.47491e-07     0.245232    0.0615447
     -25.1000       33.6938    -0.488157  5.97615e-06     0.228803    0.0602443
     -26.1000       22.9136    -0.332895  9.69876e-06     0.178349    0.0529610
     -27.1000       9.81955    0.0128886  1.06997e-05     0.236433    0.0791992
     -28.1000      -3.39901   -0.0863992  6.85527e-06     0.169957    0.0964567
     -29.1000      -7.02197     0.122248 -2.01573e-06     0.174900    0.0982098
     -30.1000       1.54803    -0.286167 -1.00566e-05     0.274248    0.0884231
     -31.1000       17.6335    -0.153203 -1.15637e-05     0.259088    0.0781022
     -32.1000       29.8683    -0.101558 -5.83529e-06     0.170996    0.0582893
     -33.1000       31.9092    -0.110084  3.76573e-06     0.203748    0.0599821
     -34.1000       20.6657     0.152022  1.13567e-05     0.371194    0.0883626
     -35.1000       4.18680    -0.291632  8.40057e-06     0.302984    0.0978222
     -36.1000      0.182262    -0.654222 -1.83279e-06     0.176518    0.0954297
     -37.1000       8.65072    -0.269013 -8.52371e-06     0.169151    0.0889443
     -38.1000       20.9188    -0.386398 -9.94320e-06     0.190941    0.0769228
     -39.1000       32.8128    -0.188520 -5.68762e-06     0.169830    0.0570352
     -40.1000       34.7238    -0.540263  3.30897e-06     0.116834    0.0516801
     -41.1000       24.7905    -0.276839  1.05988e-05     0.222115    0.0674529
     -42.1000       9.05828    -0.559058  1.12639e-05     0.223712    0.0758722
     -43.1000      -2.45369    -0.912930  7.39187e-06     0.132859    0.0643568
     -44.1000      -8.79968     -1.00085  2.24074e-06     0.145073    0.0621398
     -45.1000      -7.86075    -0.466971 -3.03872e-06     0.103379    0.0612620
     -46.1000      -1.47562    -0.239207 -6.19350e-06    0.0935518    0.0707638
     -47.1000       7.04968    -0.350337 -1.01786e-05     0.238925     0.103981
     -48.1000       23.0003     -1.26627 -8.29537e-06     0.432786     0.130022
     -49.1000       26.9739   -0.0674687  3.18545e-06     0.354735     0.145959
     -50.1000       15.3581    0.0384528  9.75907e-06     0.477464     0.182228
     -51.1000       3.58774    -0.774376  7.44090e-06     0.238464     0.136355
     -52.1000      -2.45282    -0.940450  3.82518e-06     0.173026    0.0863880
     -53.1000      -5.55812    -0.693342  9.71290e-07     0.132939    0.0724506
     -54.1000      -4.77256    -0.755735 -1.31824e-06    0.0759332    0.0676252
     -55.1000      -2.41318    -0.645582 -2.63830e-06    0.0709695    0.0778963
     -56.1000       1.51484    -0.165185 -5.08618e-06     0.113611     0.102737
     -57.1000       9.69494    -0.909230 -4.91185e-06     0.259755     0.136055
     -58.1000       13.1957     -1.04803  2.04391e-08     0.195752     0.126022
     -59.1000       9.64638    -0.748097  5.56016e-06     0.122357    0.0906403
     -60.1000       0.00000      0.00000  4.06863e-06      0.00000      0.00000
     -61.1000       0.00000      0.00000     -0.00000      0.00000      0.00000
     -62.1000       0.00000      0.00000     -0.00000      0.00000      0.00000
     -63.1000       0.00000      0.00000     -0.00000      0.00000      0.00000
     -64.1000       0.00000      0.00000     -0.00000      0.00000      0.00000
     -65.1000       0.00000      0.00000     -0.00000      0.00000      0.00000
     -66.1000       0.00000      0.00000     -0.00000      0.00000      0.00000
     -67.1000       0.00000      0.00000     -0.00000      0.00000      0.00000
     -68.1000       0.00000      0.00000     -0.00000      0.00000      0.00000
     -69.1000       0.00000      0.00000     -0.00000      0.00000      0.00000
     -70.1000       0.00000      0.00000     -0.00000      0.00000      0.00000
     -71.1000       0.00000      0.00000     -0.00000      0.00000      0.00000
     -72.1000       0.00000      0.00000     -0.00000      0.00000      0.00000
     -73.1000       0.00000      0.00000     -0.00000      0.00000      0.00000
     -74.1000       0.00000      0.00000     -0.00000      0.00000      0.00000
     -75.1000       0.00000      0.00000     -0.00000      0.00000      0.00000
     -76.1000       0.00000      0.00000     -0.00000      0.00000      0.00000
     -77.1000       0.00000      0.00000     -0.00000      0.00000      0.00000
     -78.1000       0.00000      0.00000     -0.00000      0.00000      0.00000
     -79.1000       0.00000      0.00000     -0.00000      0.00000      0.00000
     -80.1000       0.00000      0.00000     -0.00000      0.00000      0.00000
     -81.1000       0.00000      0.00000     -0.00000      0.00000      0.00000
     -82.1000       0.00000      0.00000     -0.00000      0.00000      0.00000
     -83.1000       0.00000      0.00000     -0.00000      0.00000      0.00000
     -84.1000       0.00000      0.00000     -0.00000      0.00000      0.00000
     -85.1000       0.00000      0.00000     -0.00000      0.00000      0.00000
     -86.1000       0.00000      0.00000     -0.00000      0.00000      0.00000
     -87.1000       0.00000      0.00000     -0.00000      0.00000      0.00000
     -88.1000       0.00000      0.00000     -0.00000      0.00000      0.00000
     -89.1000       0.00000      0.00000      0.00000      0.00000      0.00000
