      89.9000       0.00000      0.00000      0.00000      0.00000      0.00000
      88.9000       0.00000      0.00000     -0.00000      0.00000      0.00000
      87.9000       0.00000      0.00000     -0.00000      0.00000      0.00000
      86.9000       0.00000      0.00000     -0.00000      0.00000      0.00000
      85.9000       0.00000      0.00000     -0.00000      0.00000      0.00000
      84.9000       0.00000      0.00000     -0.00000      0.00000      0.00000
      83.9000       0.00000      0.00000     -0.00000      0.00000      0.00000
      82.9000       0.00000      0.00000     -0.00000      0.00000      0.00000
      81.9000       0.00000      0.00000     -0.00000      0.00000      0.00000
      80.9000       0.00000      0.00000     -0.00000      0.00000      0.00000
      79.9000       0.00000      0.00000     -0.00000      0.00000      0.00000
      78.9000       0.00000      0.00000     -0.00000      0.00000      0.00000
      77.9000       0.00000      0.00000     -0.00000      0.00000      0.00000
      76.9000       0.00000      0.00000     -0.00000      0.00000      0.00000
      75.9000       0.00000      0.00000     -0.00000      0.00000      0.00000
      74.9000       0.00000      0.00000     -0.00000      0.00000      0.00000
      73.9000       0.00000      0.00000     -0.00000      0.00000      0.00000
      72.9000       0.00000      0.00000     -0.00000      0.00000      0.00000
      71.9000       0.00000      0.00000     -0.00000      0.00000      0.00000
      70.9000       0.00000      0.00000     -0.00000      0.00000      0.00000
      69.9000       0.00000      0.00000     -0.00000      0.00000      0.00000
      68.9000       0.00000      0.00000     -0.00000      0.00000      0.00000
      67.9000       0.00000      0.00000     -0.00000      0.00000      0.00000
      66.9000       0.00000      0.00000     -0.00000      0.00000      0.00000
      65.9000       0.00000      0.00000     -0.00000      0.00000      0.00000
      64.9000       0.00000      0.00000     -0.00000      0.00000      0.00000
      63.9000       0.00000      0.00000     -0.00000      0.00000      0.00000
      62.9000       0.00000      0.00000     -0.00000      0.00000      0.00000
      61.9000       0.00000      0.00000     -0.00000      0.00000      0.00000
      60.9000       0.00000      0.00000 -3.54628e-06      0.00000      0.00000
      59.9000       8.40142    -0.489754 -4.58622e-07     0.245574     0.209122
      58.9000       1.08757  0.000747761  4.94846e-06     0.195213     0.153802
      57.9000      -3.34492    0.0637887  2.49813e-06     0.132315     0.144827
      56.9000      -4.84834    0.0773232  5.85194e-07     0.119402     0.122048
      55.9000      -4.73686    0.0267867 -1.33076e-06     0.184939     0.132716
      54.9000      -1.67966   -0.0237400 -3.69660e-06     0.189753     0.165011
      53.9000       4.07449    -0.384718 -6.21500e-06     0.363421     0.218200
      52.9000       13.1507    -0.934912 -4.11481e-06     0.412804     0.265051
      51.9000       13.9041    -0.806059  1.95297e-06     0.301840     0.272994
      50.9000       8.48018    -0.630729  5.62572e-06     0.264974     0.228365
      49.9000      0.435099    -0.361958  5.25750e-06     0.174091     0.150567
      48.9000      -4.12152    -0.227842  2.41112e-06     0.170167     0.144662
      47.9000      -5.35073     0.149581  1.97501e-07     0.181807     0.149193
      46.9000      -4.59600     0.227514 -1.66765e-06     0.252854     0.171472
      45.9000      -1.33970    -0.502277 -3.21758e-06     0.209976     0.184962
      44.9000       3.15193   -0.0131615 -4.29708e-06     0.232716     0.137640
      43.9000       9.01973    0.0444395 -2.64563e-06     0.260810     0.191257
      42.9000       9.53750    -0.385908  1.47100e-06     0.252437     0.175756
      41.9000       5.46513    -0.672723  3.01790e-06     0.209605     0.182656
      40.9000       2.23633    -0.120623 -1.13011e-06     0.193070     0.146502
      39.9000       8.20240  0.000318868 -4.26213e-06     0.246323     0.140248
      38.9000       12.5718    -0.728461 -4.47397e-07     0.371309     0.109271
      37.9000       9.28857    -0.392783  6.07505e-06     0.342249     0.143538
      36.9000      -2.19409  -0.00831899  7.07908e-06     0.313881     0.149266
      35.9000      -7.93741    -0.195616  1.41956e-06     0.252825     0.133021
      34.9000      -5.65235    -0.320995 -4.18901e-06     0.270480     0.155461
      33.9000       2.27913    -0.220827 -8.28817e-06     0.430383     0.146131
      32.9000       14.5842    -0.274621 -1.03994e-05     0.465773     0.119137
      31.9000       27.6985     0.151363 -4.96380e-06     0.313890    0.0987775
      30.9000       26.7305    -0.230999  6.79662e-06     0.314577     0.124790
      29.9000       11.0495     0.584542  1.57469e-05     0.742415     0.165902
      28.9000      -11.8839     0.131502  1.17134e-05     0.178078    0.0944903
      27.9000      -17.7037     0.199498 -1.15370e-07     0.185843    0.0981013
      26.9000      -11.6004    -0.194261 -8.62301e-06     0.255076    0.0842575
      25.9000       3.50605    -0.173661 -1.27955e-05     0.320610    0.0741351
      24.9000       19.9029     0.368058 -1.47797e-05     0.498886    0.0687536
      23.9000       39.9289     0.142436 -2.40072e-05      1.18793    0.0941161
      22.9000       79.1201    -0.377061 -3.30836e-05     0.883352    0.0768703
      21.9000       121.607    -0.204059 -1.89089e-05     0.929711    0.0892413
      20.9000       125.844    -0.142610  2.42194e-06     0.548567    0.0754954
      19.9000       115.618    -0.358692  2.03562e-05      1.20451     0.219210
      18.9000       75.4614    -0.952540  3.06258e-05      1.18263     0.168986
      17.9000       39.7590    -0.935884  2.69155e-05      1.67123     0.245418
      16.9000       8.74340    -0.180503  2.07186e-05     0.756591     0.204814
      15.9000      -11.6343    -0.432273  1.07102e-05     0.288270     0.157922
      14.9000      -17.8416    -0.141585 -3.21988e-07     0.192977     0.141466
      13.9000      -10.8346     0.148032 -9.17353e-06     0.235652     0.132830
      12.9000       4.95713     0.100581 -1.44575e-05     0.358975     0.144082
      11.9000       25.1164    -0.949256 -1.52485e-05     0.471498     0.154723
      10.9000       42.8947    -0.896814 -1.36636e-05     0.497456     0.132508
      9.89999       59.1274    -0.334675 -1.39464e-05     0.350920    0.0743459
      8.89999       77.6249    -0.247345 -1.33488e-05     0.277142    0.0741122
      7.89999       92.3829    -0.555543 -9.92689e-06     0.235836    0.0770554
      6.89999       102.364     -1.04658 -7.29642e-06     0.360617    0.0949519
      5.89999       110.573    -0.871005 -2.26341e-06     0.531927     0.117450
      4.89999       108.008    -0.292681  4.85141e-06     0.498882     0.153443
      3.89999       98.4721   -0.0601858  8.07030e-06     0.355426     0.139443
      2.89999       87.8754    -0.102056  6.72176e-06     0.312355     0.102263
      1.89999       81.7007    -0.364061  3.65684e-06     0.221196    0.0826431
     0.899994       78.7503    -0.742271  1.57371e-06     0.195262    0.0691135
    -0.100006       77.7735    -0.570395  2.01923e-07     0.168032    0.0585284
     -1.10001       78.2464    -0.261077 -1.79132e-06     0.144290    0.0496415
     -2.10001       82.2437   -0.0112893 -5.37051e-06     0.137013    0.0556917
     -3.10001       91.6474     0.274088 -1.19900e-05     0.233494    0.0608272
     -4.10001       112.159    -0.482774 -1.64104e-05     0.461868    0.0925908
     -5.10001       132.585    -0.709556 -1.09494e-05     0.292975    0.0872858
     -6.10001       139.468    -0.685169 -9.20537e-08     0.191686    0.0654605
     -7.10001       132.815    0.0716573  9.05544e-06     0.243597    0.0657617
     -8.10001       116.895     0.719852  2.70013e-05     0.881086     0.140499
     -9.10001       65.5277    -0.547234  2.91429e-05     0.493803    0.0891591
     -10.1000       44.2975    -0.332419  1.44118e-05     0.375269     0.114393
     -11.1000       29.6415    -0.233600  9.40349e-06     0.274765     0.107305
     -12.1000       20.8928   -0.0984702  7.51884e-06     0.236053    0.0900566
     -13.1000       10.9368     0.155230  9.11046e-06     0.401193     0.123670
     -14.1000      -1.75931     0.254476  1.23288e-05     0.420624     0.160335
     -15.1000      -19.6998    0.0955732  1.47807e-05     0.470786     0.147430
     -16.1000      -38.4667    -0.356980  1.19829e-05     0.397738     0.133548
     -17.1000      -49.4398    0.0854899  4.16966e-06     0.264148     0.132166
     -18.1000      -48.8083  -0.00627620 -5.60827e-06     0.290758     0.121277
     -19.1000      -35.5401    0.0190478 -1.19416e-05     0.478675     0.129463
     -20.1000      -19.2339     0.405757 -1.30696e-05     0.526774     0.131142
     -21.1000      -3.19740    0.0161285 -1.40024e-05     0.492774     0.149097
     -22.1000       15.3890    -0.100379 -1.59585e-05     0.400688     0.133780
     -23.1000       36.2292    -0.301061 -9.39592e-06     0.620014     0.157943
     -24.1000       38.5820    -0.382092  6.50319e-07     0.409991    0.0783052
     -25.1000       34.6253    -0.390002  6.20215e-06     0.356297    0.0946495
     -26.1000       23.3004    -0.229300  1.01429e-05     0.425303     0.121840
     -27.1000       9.65779    0.0155931  1.06967e-05     0.575640     0.178440
     -28.1000      -3.00478    -0.581058  6.32638e-06     0.308460     0.183310
     -29.1000      -5.88439    -0.165855 -2.78107e-06     0.616549     0.251745
     -30.1000       3.82059    -0.713662 -1.05374e-05     0.852100     0.187587
     -31.1000       19.9500    -0.420882 -1.15713e-05     0.613323     0.192754
     -32.1000       32.1596    -0.171219 -6.68963e-06     0.485329     0.172961
     -33.1000       36.3158    -0.212176  1.79136e-06     0.674058     0.167310
     -34.1000       27.7819     0.764459  1.18974e-05      1.49214     0.343783
     -35.1000       7.27335     0.790291  1.15260e-05      1.54131     0.346305
     -36.1000     -0.322387    -0.533273 -7.47268e-07     0.477078     0.213271
     -37.1000       9.09338    -0.216220 -8.92778e-06     0.543378     0.200725
     -38.1000       21.3971    -0.166534 -9.98860e-06     0.320965     0.123970
     -39.1000       33.3657     0.287441 -5.20525e-06     0.198995    0.0943686
     -40.1000       34.0313    -0.508050  2.79261e-06     0.227518     0.104829
     -41.1000       26.5954     0.117503  9.75349e-06     0.526095     0.162418
     -42.1000       10.4127     0.101650  1.14929e-05     0.492373     0.183337
     -43.1000      -1.20268    -0.864642  8.00835e-06     0.227990     0.133897
     -44.1000      -8.93462    -0.903251  2.80642e-06     0.230224     0.107277
     -45.1000      -7.97474    -0.496748 -3.21293e-06     0.158048    0.0984099
     -46.1000      -1.19068    -0.226685 -6.76985e-06     0.164063     0.110758
     -47.1000       8.32321    -0.468722 -1.07558e-05     0.375195     0.174760
     -48.1000       24.6732     -1.08664 -7.45547e-06     0.671265     0.222000
     -49.1000       26.2302    -0.363386  4.79710e-06     0.534883     0.264495
     -50.1000       13.1645    -0.170530  9.26843e-06     0.801826     0.269494
     -51.1000       4.01970    -0.829682  6.06686e-06     0.375174     0.218739
     -52.1000      -1.35742    -0.644625  3.75268e-06     0.287681     0.154542
     -53.1000      -4.95283    -0.544545  1.22362e-06     0.221322     0.146622
     -54.1000      -4.27982    -0.644768 -1.14673e-06     0.126838     0.117873
     -55.1000      -2.21708    -0.473872 -2.57077e-06     0.124850     0.138855
     -56.1000       1.84664     0.495462 -5.59343e-06     0.268027     0.187278
     -57.1000       11.0986    -0.927982 -5.43950e-06     0.507566     0.262866
     -58.1000       14.7823    -0.579537  2.87184e-07     0.360025     0.239871
     -59.1000       10.4163    -0.332899  6.22869e-06     0.194038     0.157065
     -60.1000       0.00000      0.00000  4.39337e-06      0.00000      0.00000
     -61.1000       0.00000      0.00000     -0.00000      0.00000      0.00000
     -62.1000       0.00000      0.00000     -0.00000      0.00000      0.00000
     -63.1000       0.00000      0.00000     -0.00000      0.00000      0.00000
     -64.1000       0.00000      0.00000     -0.00000      0.00000      0.00000
     -65.1000       0.00000      0.00000     -0.00000      0.00000      0.00000
     -66.1000       0.00000      0.00000     -0.00000      0.00000      0.00000
     -67.1000       0.00000      0.00000     -0.00000      0.00000      0.00000
     -68.1000       0.00000      0.00000     -0.00000      0.00000      0.00000
     -69.1000       0.00000      0.00000     -0.00000      0.00000      0.00000
     -70.1000       0.00000      0.00000     -0.00000      0.00000      0.00000
     -71.1000       0.00000      0.00000     -0.00000      0.00000      0.00000
     -72.1000       0.00000      0.00000     -0.00000      0.00000      0.00000
     -73.1000       0.00000      0.00000     -0.00000      0.00000      0.00000
     -74.1000       0.00000      0.00000     -0.00000      0.00000      0.00000
     -75.1000       0.00000      0.00000     -0.00000      0.00000      0.00000
     -76.1000       0.00000      0.00000     -0.00000      0.00000      0.00000
     -77.1000       0.00000      0.00000     -0.00000      0.00000      0.00000
     -78.1000       0.00000      0.00000     -0.00000      0.00000      0.00000
     -79.1000       0.00000      0.00000     -0.00000      0.00000      0.00000
     -80.1000       0.00000      0.00000     -0.00000      0.00000      0.00000
     -81.1000       0.00000      0.00000     -0.00000      0.00000      0.00000
     -82.1000       0.00000      0.00000     -0.00000      0.00000      0.00000
     -83.1000       0.00000      0.00000     -0.00000      0.00000      0.00000
     -84.1000       0.00000      0.00000     -0.00000      0.00000      0.00000
     -85.1000       0.00000      0.00000     -0.00000      0.00000      0.00000
     -86.1000       0.00000      0.00000     -0.00000      0.00000      0.00000
     -87.1000       0.00000      0.00000     -0.00000      0.00000      0.00000
     -88.1000       0.00000      0.00000     -0.00000      0.00000      0.00000
     -89.1000       0.00000      0.00000      0.00000      0.00000      0.00000
